Box : 1 
Data source : BSH 
Data contact : Dagmar Kieke, BSH, dagmar.kieke@bsh.de 
Comment : everything in the polygone, NSSS surveys complete, apart from this remaining German CTD data not yet complete, a lot is still missing, 1980s with focus on German Bight 
Cruise ID / Site ID,Station Name,Year,Month,Day,Hour,Minute,Dec Lat,Dec Lon,Sounding,Pressure,Temp,Temp Flag,Sal,Sal Flag
 G117A, unknown,  1988,   8, 24,   6,   0, 61.0000,  0.6033,   146,     0.0,     NaN,  1,     NaN,  1
  G117A, unknown,  1988,   8, 24,   6,   0, 61.0000,  0.6033,   146,     1.0,     NaN,  1,     NaN,  1
  G117A, unknown,  1988,   8, 24,   6,   0, 61.0000,  0.6033,   146,     2.0,     NaN,  1,     NaN,  1
  G117A, unknown,  1988,   8, 24,   6,   0, 61.0000,  0.6033,   146,     3.0, 13.1618,  1, 35.1940,  1
  G117A, unknown,  1988,   8, 24,   6,   0, 61.0000,  0.6033,   146,     4.0, 13.1648,  1, 35.1940,  1
  G117A, unknown,  1988,   8, 24,   6,   0, 61.0000,  0.6033,   146,     5.0, 13.1598,  1, 35.1930,  1
  G117A, unknown,  1988,   8, 24,   6,   0, 61.0000,  0.6033,   146,     6.0, 13.1618,  1, 35.1940,  1
  G117A, unknown,  1988,   8, 24,   6,   0, 61.0000,  0.6033,   146,     7.0, 13.1668,  1, 35.1950,  1
  G117A, unknown,  1988,   8, 24,   6,   0, 61.0000,  0.6033,   146,     8.0, 13.1748,  1, 35.1940,  1
  G117A, unknown,  1988,   8, 24,   6,   0, 61.0000,  0.6033,   146,     9.0, 13.1708,  1, 35.1990,  1
  G117A, unknown,  1988,   8, 24,   6,   0, 61.0000,  0.6033,   146,    10.0, 13.1558,  1, 35.1920,  1
  G117A, unknown,  1988,   8, 24,   6,   0, 61.0000,  0.6033,   146,    11.0, 13.1558,  1, 35.1920,  1
  G117A, unknown,  1988,   8, 24,   6,   0, 61.0000,  0.6033,   146,    12.0, 13.1638,  1, 35.1930,  1
  G117A, unknown,  1988,   8, 24,   6,   0, 61.0000,  0.6033,   146,    13.0, 13.1698,  1, 35.1940,  1
  G117A, unknown,  1988,   8, 24,   6,   0, 61.0000,  0.6033,   146,    14.0, 13.1778,  1, 35.1970,  1
  G117A, unknown,  1988,   8, 24,   6,   0, 61.0000,  0.6033,   146,    15.0, 13.1818,  1, 35.1980,  1
  G117A, unknown,  1988,   8, 24,   6,   0, 61.0000,  0.6033,   146,    16.0, 13.1828,  1, 35.1990,  1
  G117A, unknown,  1988,   8, 24,   6,   0, 61.0000,  0.6033,   146,    17.0, 13.1868,  1, 35.1990,  1
  G117A, unknown,  1988,   8, 24,   6,   0, 61.0000,  0.6033,   146,    18.0, 13.1868,  1, 35.2000,  1
  G117A, unknown,  1988,   8, 24,   6,   0, 61.0000,  0.6033,   146,    19.0, 13.1868,  1, 35.2000,  1
  G117A, unknown,  1988,   8, 24,   6,   0, 61.0000,  0.6033,   146,    20.0, 13.1868,  1, 35.2000,  1
  G117A, unknown,  1988,   8, 24,   6,   0, 61.0000,  0.6033,   146,    21.0, 13.1868,  1, 35.2000,  1
  G117A, unknown,  1988,   8, 24,   6,   0, 61.0000,  0.6033,   146,    22.0, 13.1838,  1, 35.2000,  1
  G117A, unknown,  1988,   8, 24,   6,   0, 61.0000,  0.6033,   146,    23.0, 13.1818,  1, 35.2000,  1
  G117A, unknown,  1988,   8, 24,   6,   0, 61.0000,  0.6033,   146,    24.0, 13.1768,  1, 35.2010,  1
  G117A, unknown,  1988,   8, 24,   6,   0, 61.0000,  0.6033,   146,    25.0, 13.1738,  1, 35.2010,  1
  G117A, unknown,  1988,   8, 24,   6,   0, 61.0000,  0.6033,   146,    26.0, 13.1718,  1, 35.2000,  1
  G117A, unknown,  1988,   8, 24,   6,   0, 61.0000,  0.6033,   146,    27.0, 13.1588,  1, 35.2000,  1
  G117A, unknown,  1988,   8, 24,   6,   0, 61.0000,  0.6033,   146,    28.0, 13.1378,  1, 35.2000,  1
  G117A, unknown,  1988,   8, 24,   6,   0, 61.0000,  0.6033,   146,    29.0, 13.1368,  1, 35.1990,  1
  G117A, unknown,  1988,   8, 24,   6,   0, 61.0000,  0.6033,   146,    30.0, 13.1278,  1, 35.2010,  1
  G117A, unknown,  1988,   8, 24,   6,   0, 61.0000,  0.6033,   146,    31.0, 13.1129,  1, 35.2000,  1
  G117A, unknown,  1988,   8, 24,   6,   0, 61.0000,  0.6033,   146,    32.0, 13.0969,  1, 35.1940,  1
  G117A, unknown,  1988,   8, 24,   6,   0, 61.0000,  0.6033,   146,    33.0, 12.7339,  1, 35.2180,  1
  G117A, unknown,  1988,   8, 24,   6,   0, 61.0000,  0.6033,   146,    34.0, 12.2940,  1, 35.2420,  1
  G117A, unknown,  1988,   8, 24,   6,   0, 61.0000,  0.6033,   146,    35.0, 12.0531,  1, 35.2160,  1
  G117A, unknown,  1988,   8, 24,   6,   0, 61.0000,  0.6033,   146,    36.0, 11.9081,  1, 35.2470,  1
  G117A, unknown,  1988,   8, 24,   6,   0, 61.0000,  0.6033,   146,    37.0, 11.8582,  1, 35.2540,  1
  G117A, unknown,  1988,   8, 24,   6,   0, 61.0000,  0.6033,   146,    38.0, 11.8462,  1, 35.2540,  1
  G117A, unknown,  1988,   8, 24,   6,   0, 61.0000,  0.6033,   146,    39.0, 11.5122,  1, 35.2750,  1
  G117A, unknown,  1988,   8, 24,   6,   0, 61.0000,  0.6033,   146,    40.0, 11.3563,  1, 35.2880,  1
  G117A, unknown,  1988,   8, 24,   6,   0, 61.0000,  0.6033,   146,    41.0, 11.0284,  1, 35.2960,  1
  G117A, unknown,  1988,   8, 24,   6,   0, 61.0000,  0.6033,   146,    42.0, 10.7744,  1, 35.3090,  1
  G117A, unknown,  1988,   8, 24,   6,   0, 61.0000,  0.6033,   146,    43.0, 10.5945,  1, 35.3190,  1
  G117A, unknown,  1988,   8, 24,   6,   0, 61.0000,  0.6033,   146,    44.0, 10.4885,  1, 35.3180,  1
  G117A, unknown,  1988,   8, 24,   6,   0, 61.0000,  0.6033,   146,    45.0, 10.4095,  1, 35.3190,  1
  G117A, unknown,  1988,   8, 24,   6,   0, 61.0000,  0.6033,   146,    46.0, 10.3465,  1, 35.3240,  1
  G117A, unknown,  1988,   8, 24,   6,   0, 61.0000,  0.6033,   146,    47.0, 10.2465,  1, 35.3290,  1
  G117A, unknown,  1988,   8, 24,   6,   0, 61.0000,  0.6033,   146,    48.0, 10.1846,  1, 35.3300,  1
  G117A, unknown,  1988,   8, 24,   6,   0, 61.0000,  0.6033,   146,    49.0, 10.1356,  1, 35.3310,  1
  G117A, unknown,  1988,   8, 24,   6,   0, 61.0000,  0.6033,   146,    50.0,  9.9996,  1, 35.3380,  1
  G117A, unknown,  1988,   8, 24,   6,   0, 61.0000,  0.6033,   146,    51.0,  9.9226,  1, 35.3360,  1
  G117A, unknown,  1988,   8, 24,   6,   0, 61.0000,  0.6033,   146,    52.0,  9.8806,  1, 35.3360,  1
  G117A, unknown,  1988,   8, 24,   6,   0, 61.0000,  0.6033,   146,    53.0,  9.7717,  1, 35.3390,  1
  G117A, unknown,  1988,   8, 24,   6,   0, 61.0000,  0.6033,   146,    54.0,  9.7617,  1, 35.3370,  1
  G117A, unknown,  1988,   8, 24,   6,   0, 61.0000,  0.6033,   146,    55.0,  9.7467,  1, 35.3390,  1
  G117A, unknown,  1988,   8, 24,   6,   0, 61.0000,  0.6033,   146,    56.0,  9.7177,  1, 35.3390,  1
  G117A, unknown,  1988,   8, 24,   6,   0, 61.0000,  0.6033,   146,    57.0,  9.7007,  1, 35.3400,  1
  G117A, unknown,  1988,   8, 24,   6,   0, 61.0000,  0.6033,   146,    58.0,  9.6827,  1, 35.3380,  1
  G117A, unknown,  1988,   8, 24,   6,   0, 61.0000,  0.6033,   146,    59.0,  9.6457,  1, 35.3450,  1
  G117A, unknown,  1988,   8, 24,   6,   0, 61.0000,  0.6033,   146,    60.0,  9.5927,  1, 35.3430,  1
  G117A, unknown,  1988,   8, 24,   6,   0, 61.0000,  0.6033,   146,    61.0,  9.5757,  1, 35.3430,  1
  G117A, unknown,  1988,   8, 24,   6,   0, 61.0000,  0.6033,   146,    62.0,  9.5557,  1, 35.3440,  1
  G117A, unknown,  1988,   8, 24,   6,   0, 61.0000,  0.6033,   146,    63.0,  9.5427,  1, 35.3430,  1
  G117A, unknown,  1988,   8, 24,   6,   0, 61.0000,  0.6033,   146,    64.0,  9.5357,  1, 35.3460,  1
  G117A, unknown,  1988,   8, 24,   6,   0, 61.0000,  0.6033,   146,    65.0,  9.5007,  1, 35.3460,  1
  G117A, unknown,  1988,   8, 24,   6,   0, 61.0000,  0.6033,   146,    66.0,  9.4967,  1, 35.3460,  1
  G117A, unknown,  1988,   8, 24,   6,   0, 61.0000,  0.6033,   146,    67.0,  9.4837,  1, 35.3460,  1
  G117A, unknown,  1988,   8, 24,   6,   0, 61.0000,  0.6033,   146,    68.0,  9.4787,  1, 35.3490,  1
  G117A, unknown,  1988,   8, 24,   6,   0, 61.0000,  0.6033,   146,    69.0,  9.4657,  1, 35.3500,  1
  G117A, unknown,  1988,   8, 24,   6,   0, 61.0000,  0.6033,   146,    70.0,  9.4557,  1, 35.3500,  1
  G117A, unknown,  1988,   8, 24,   6,   0, 61.0000,  0.6033,   146,    71.0,  9.4487,  1, 35.3500,  1
  G117A, unknown,  1988,   8, 24,   6,   0, 61.0000,  0.6033,   146,    72.0,  9.4477,  1, 35.3500,  1
  G117A, unknown,  1988,   8, 24,   6,   0, 61.0000,  0.6033,   146,    73.0,  9.4427,  1, 35.3500,  1
  G117A, unknown,  1988,   8, 24,   6,   0, 61.0000,  0.6033,   146,    74.0,  9.4147,  1, 35.3480,  1
  G117A, unknown,  1988,   8, 24,   6,   0, 61.0000,  0.6033,   146,    75.0,  9.3937,  1, 35.3470,  1
  G117A, unknown,  1988,   8, 24,   6,   0, 61.0000,  0.6033,   146,    76.0,  9.3668,  1, 35.3450,  1
  G117A, unknown,  1988,   8, 24,   6,   0, 61.0000,  0.6033,   146,    77.0,  9.3308,  1, 35.3390,  1
  G117A, unknown,  1988,   8, 24,   6,   0, 61.0000,  0.6033,   146,    78.0,  9.2588,  1, 35.3290,  1
  G117A, unknown,  1988,   8, 24,   6,   0, 61.0000,  0.6033,   146,    79.0,  9.1828,  1, 35.3180,  1
  G117A, unknown,  1988,   8, 24,   6,   0, 61.0000,  0.6033,   146,    80.0,  9.1558,  1, 35.3160,  1
  G117A, unknown,  1988,   8, 24,   6,   0, 61.0000,  0.6033,   146,    81.0,  9.1358,  1, 35.3130,  1
  G117A, unknown,  1988,   8, 24,   6,   0, 61.0000,  0.6033,   146,    82.0,  9.1228,  1, 35.3120,  1
  G117A, unknown,  1988,   8, 24,   6,   0, 61.0000,  0.6033,   146,    83.0,  9.1118,  1, 35.3120,  1
  G117A, unknown,  1988,   8, 24,   6,   0, 61.0000,  0.6033,   146,    84.0,  9.1038,  1, 35.3130,  1
  G117A, unknown,  1988,   8, 24,   6,   0, 61.0000,  0.6033,   146,    85.0,  9.1018,  1, 35.3120,  1
  G117A, unknown,  1988,   8, 24,   6,   0, 61.0000,  0.6033,   146,    86.0,  9.0968,  1, 35.3190,  1
  G117A, unknown,  1988,   8, 24,   6,   0, 61.0000,  0.6033,   146,    87.0,  9.0938,  1, 35.3190,  1
  G117A, unknown,  1988,   8, 24,   6,   0, 61.0000,  0.6033,   146,    88.0,  9.0938,  1, 35.3190,  1
  G117A, unknown,  1988,   8, 24,   6,   0, 61.0000,  0.6033,   146,    89.0,  9.0928,  1, 35.3190,  1
  G117A, unknown,  1988,   8, 24,   6,   0, 61.0000,  0.6033,   146,    90.0,  9.0928,  1, 35.3180,  1
  G117A, unknown,  1988,   8, 24,   6,   0, 61.0000,  0.6033,   146,    91.0,  9.0908,  1, 35.3180,  1
  G117A, unknown,  1988,   8, 24,   6,   0, 61.0000,  0.6033,   146,    92.0,  9.0898,  1, 35.3180,  1
  G117A, unknown,  1988,   8, 24,   6,   0, 61.0000,  0.6033,   146,    93.0,  9.0898,  1, 35.3180,  1
  G117A, unknown,  1988,   8, 24,   6,   0, 61.0000,  0.6033,   146,    94.0,  9.0898,  1, 35.3180,  1
  G117A, unknown,  1988,   8, 24,   6,   0, 61.0000,  0.6033,   146,    95.0,  9.0888,  1, 35.3180,  1
  G117A, unknown,  1988,   8, 24,   6,   0, 61.0000,  0.6033,   146,    96.0,  9.0838,  1, 35.3170,  1
  G117A, unknown,  1988,   8, 24,   6,   0, 61.0000,  0.6033,   146,    97.0,  9.0788,  1, 35.3160,  1
  G117A, unknown,  1988,   8, 24,   6,   0, 61.0000,  0.6033,   146,    98.0,  9.0768,  1, 35.3160,  1
  G117A, unknown,  1988,   8, 24,   6,   0, 61.0000,  0.6033,   146,    99.0,  9.0708,  1, 35.3160,  1
  G117A, unknown,  1988,   8, 24,   6,   0, 61.0000,  0.6033,   146,   100.0,  9.0698,  1, 35.3160,  1
  G117A, unknown,  1988,   8, 24,   6,   0, 61.0000,  0.6033,   146,   101.0,  9.0688,  1, 35.3170,  1
  G117A, unknown,  1988,   8, 24,   6,   0, 61.0000,  0.6033,   146,   102.0,  9.0688,  1, 35.3170,  1
  G117A, unknown,  1988,   8, 24,   6,   0, 61.0000,  0.6033,   146,   103.0,  9.0668,  1, 35.3170,  1
  G117A, unknown,  1988,   8, 24,   6,   0, 61.0000,  0.6033,   146,   104.0,  9.0638,  1, 35.3180,  1
  G117A, unknown,  1988,   8, 24,   6,   0, 61.0000,  0.6033,   146,   105.0,  9.0428,  1, 35.3170,  1
  G117A, unknown,  1988,   8, 24,   6,   0, 61.0000,  0.6033,   146,   106.0,  9.0058,  1, 35.3110,  1
  G117A, unknown,  1988,   8, 24,   6,   0, 61.0000,  0.6033,   146,   107.0,  8.9958,  1, 35.3100,  1
  G117A, unknown,  1988,   8, 24,   6,   0, 61.0000,  0.6033,   146,   108.0,  8.9928,  1, 35.3100,  1
  G117A, unknown,  1988,   8, 24,   6,   0, 61.0000,  0.6033,   146,   109.0,  8.9838,  1, 35.3100,  1
  G117A, unknown,  1988,   8, 24,   6,   0, 61.0000,  0.6033,   146,   110.0,  8.9768,  1, 35.3100,  1
  G117A, unknown,  1988,   8, 24,   6,   0, 61.0000,  0.6033,   146,   111.0,  8.9738,  1, 35.3100,  1
  G117A, unknown,  1988,   8, 24,   6,   0, 61.0000,  0.6033,   146,   112.0,  8.9698,  1, 35.3100,  1
  G117A, unknown,  1988,   8, 24,   6,   0, 61.0000,  0.6033,   146,   113.0,  8.9369,  1, 35.3120,  1
  G117A, unknown,  1988,   8, 24,   6,   0, 61.0000,  0.6033,   146,   114.0,  8.9049,  1, 35.3080,  1
  G117A, unknown,  1988,   8, 24,   6,   0, 61.0000,  0.6033,   146,   115.0,  8.8609,  1, 35.3060,  1
  G117A, unknown,  1988,   8, 24,   6,   0, 61.0000,  0.6033,   146,   116.0,  8.8429,  1, 35.3050,  1
  G117A, unknown,  1988,   8, 24,   6,   0, 61.0000,  0.6033,   146,   117.0,  8.8349,  1, 35.3050,  1
  G117A, unknown,  1988,   8, 24,   6,   0, 61.0000,  0.6033,   146,   118.0,  8.8339,  1, 35.3040,  1
  G117A, unknown,  1988,   8, 24,   6,   0, 61.0000,  0.6033,   146,   119.0,  8.8229,  1, 35.3030,  1
  G117A, unknown,  1988,   8, 24,   6,   0, 61.0000,  0.6033,   146,   120.0,  8.8089,  1, 35.3020,  1
  G117A, unknown,  1988,   8, 24,   6,   0, 61.0000,  0.6033,   146,   121.0,  8.7909,  1, 35.3020,  1
  G117A, unknown,  1988,   8, 24,   6,   0, 61.0000,  0.6033,   146,   122.0,  8.7819,  1, 35.3020,  1
  G117A, unknown,  1988,   8, 24,   6,   0, 61.0000,  0.6033,   146,   123.0,  8.7719,  1, 35.3010,  1
  G117A, unknown,  1988,   8, 24,   6,   0, 61.0000,  0.6033,   146,   124.0,  8.7619,  1, 35.3010,  1
  G117A, unknown,  1988,   8, 24,   6,   0, 61.0000,  0.6033,   146,   125.0,  8.7579,  1, 35.3010,  1
  G117A, unknown,  1988,   8, 24,   6,   0, 61.0000,  0.6033,   146,   126.0,  8.7549,  1, 35.3010,  1
  G117A, unknown,  1988,   8, 24,   6,   0, 61.0000,  0.6033,   146,   127.0,  8.7479,  1, 35.3020,  1
  G117A, unknown,  1988,   8, 24,   6,   0, 61.0000,  0.6033,   146,   128.0,  8.7379,  1, 35.3020,  1
  G117A, unknown,  1988,   8, 24,   6,   0, 61.0000,  0.6033,   146,   129.0,  8.7309,  1, 35.3020,  1
  G117A, unknown,  1988,   8, 24,   6,   0, 61.0000,  0.6033,   146,   130.0,  8.7309,  1, 35.3020,  1
  G117A, unknown,  1988,   8, 24,   6,   0, 61.0000,  0.6033,   146,   131.0,  8.7289,  1, 35.3020,  1
  G117A, unknown,  1988,   8, 24,   6,   0, 61.0000,  0.6033,   146,   132.0,  8.7249,  1, 35.3030,  1
  G117A, unknown,  1988,   8, 24,   6,   0, 61.0000,  0.6033,   146,   133.0,  8.7229,  1, 35.3020,  1
  G117A, unknown,  1988,   8, 24,   6,   0, 61.0000,  0.6033,   146,   134.0,  8.7179,  1, 35.3010,  1
  G117A, unknown,  1988,   8, 24,   6,   0, 61.0000,  0.6033,   146,   135.0,  8.7109,  1, 35.3010,  1
  G117A, unknown,  1988,   8, 24,   6,   0, 61.0000,  0.6033,   146,   136.0,  8.7059,  1, 35.3010,  1
  G117A, unknown,  1988,   8, 24,   6,   0, 61.0000,  0.6033,   146,   137.0,  8.7029,  1, 35.3010,  1
  G117A, unknown,  1988,   8, 24,   6,   0, 61.0000,  0.6033,   146,   138.0,  8.6989,  1, 35.3010,  1
  G117A, unknown,  1988,   8, 24,   6,   0, 61.0000,  0.6033,   146,   139.0,  8.6939,  1, 35.3010,  1
  G117A, unknown,  1988,   8, 24,   6,   0, 61.0000,  0.6033,   146,   140.0,  8.6919,  1, 35.3010,  1
  G117A, unknown,  1988,   8, 24,   6,   0, 61.0000,  0.6033,   146,   141.0,  8.6919,  1, 35.3000,  1
  G117A, unknown,  1988,   8, 24,   6,   0, 61.0000,  0.6033,   146,   142.0,  8.6819,  1, 35.3000,  1
  G117A, unknown,  1988,   8, 24,   6,   0, 61.0000,  0.6033,   146,   143.0,  8.6819,  1, 35.3000,  1
  G117A, unknown,  1988,   8, 24,   6,   0, 61.0000,  0.6033,   146,   144.0,  8.6829,  1, 35.3000,  1
  G117A, unknown,  1988,   8, 24,   6,   0, 61.0000,  0.6033,   146,   145.0,  8.6829,  1, 35.3000,  1
  G117A, unknown,  1988,   8, 24,   6,   0, 61.0000,  0.6033,   146,   146.0,  8.6829,  1, 35.2990,  1
  G117A, unknown,  1988,   8, 24,   6,   0, 61.0000,  0.6033,   146,   147.0,  8.6819,  1, 35.3000,  1
  G117A, unknown,  1988,   8, 24,   6,   0, 61.0000,  0.6033,   146,   148.0,  8.6839,  1, 35.2980,  1
  G425b, 053,  2004,   8, 18,  15,  11, 60.0020,  0.2737,   119,     0.0,     NaN,  1,     NaN,  1
  G425b, 053,  2004,   8, 18,  15,  11, 60.0020,  0.2737,   119,     1.0,     NaN,  1,     NaN,  1
  G425b, 053,  2004,   8, 18,  15,  11, 60.0020,  0.2737,   119,     2.0,     NaN,  1,     NaN,  1
  G425b, 053,  2004,   8, 18,  15,  11, 60.0020,  0.2737,   119,     3.0, 15.8113,  1, 34.9798,  1
  G425b, 053,  2004,   8, 18,  15,  11, 60.0020,  0.2737,   119,     4.0, 15.8115,  1, 34.9797,  1
  G425b, 053,  2004,   8, 18,  15,  11, 60.0020,  0.2737,   119,     5.0, 15.8113,  1, 34.9796,  1
  G425b, 053,  2004,   8, 18,  15,  11, 60.0020,  0.2737,   119,     6.0, 15.8114,  1, 34.9798,  1
  G425b, 053,  2004,   8, 18,  15,  11, 60.0020,  0.2737,   119,     7.0, 15.8106,  1, 34.9803,  1
  G425b, 053,  2004,   8, 18,  15,  11, 60.0020,  0.2737,   119,     8.0, 15.8075,  1, 34.9819,  1
  G425b, 053,  2004,   8, 18,  15,  11, 60.0020,  0.2737,   119,     9.0, 15.8021,  1, 34.9842,  1
  G425b, 053,  2004,   8, 18,  15,  11, 60.0020,  0.2737,   119,    10.0, 15.7988,  1, 34.9849,  1
  G425b, 053,  2004,   8, 18,  15,  11, 60.0020,  0.2737,   119,    11.0, 15.7988,  1, 34.9853,  1
  G425b, 053,  2004,   8, 18,  15,  11, 60.0020,  0.2737,   119,    12.0, 15.7968,  1, 34.9864,  1
  G425b, 053,  2004,   8, 18,  15,  11, 60.0020,  0.2737,   119,    13.0, 15.7899,  1, 34.9890,  1
  G425b, 053,  2004,   8, 18,  15,  11, 60.0020,  0.2737,   119,    14.0, 15.7801,  1, 34.9941,  1
  G425b, 053,  2004,   8, 18,  15,  11, 60.0020,  0.2737,   119,    15.0, 15.7704,  1, 35.0023,  1
  G425b, 053,  2004,   8, 18,  15,  11, 60.0020,  0.2737,   119,    16.0, 15.7636,  1, 35.0208,  1
  G425b, 053,  2004,   8, 18,  15,  11, 60.0020,  0.2737,   119,    17.0, 15.7602,  1, 35.0471,  1
  G425b, 053,  2004,   8, 18,  15,  11, 60.0020,  0.2737,   119,    18.0, 15.7569,  1, 35.0807,  1
  G425b, 053,  2004,   8, 18,  15,  11, 60.0020,  0.2737,   119,    19.0, 15.7523,  1, 35.1290,  1
  G425b, 053,  2004,   8, 18,  15,  11, 60.0020,  0.2737,   119,    20.0, 15.7426,  1, 35.1686,  1
  G425b, 053,  2004,   8, 18,  15,  11, 60.0020,  0.2737,   119,    21.0, 15.7051,  1, 35.1821,  1
  G425b, 053,  2004,   8, 18,  15,  11, 60.0020,  0.2737,   119,    22.0, 15.4568,  1, 35.2098,  1
  G425b, 053,  2004,   8, 18,  15,  11, 60.0020,  0.2737,   119,    23.0, 15.2324,  1, 35.2312,  1
  G425b, 053,  2004,   8, 18,  15,  11, 60.0020,  0.2737,   119,    24.0, 15.1340,  1, 35.2395,  1
  G425b, 053,  2004,   8, 18,  15,  11, 60.0020,  0.2737,   119,    25.0, 14.5631,  1, 35.2816,  1
  G425b, 053,  2004,   8, 18,  15,  11, 60.0020,  0.2737,   119,    26.0, 13.8135,  1, 35.3192,  1
  G425b, 053,  2004,   8, 18,  15,  11, 60.0020,  0.2737,   119,    27.0, 13.4091,  1, 35.3202,  1
  G425b, 053,  2004,   8, 18,  15,  11, 60.0020,  0.2737,   119,    28.0, 13.2092,  1, 35.3277,  1
  G425b, 053,  2004,   8, 18,  15,  11, 60.0020,  0.2737,   119,    29.0, 13.0896,  1, 35.3329,  1
  G425b, 053,  2004,   8, 18,  15,  11, 60.0020,  0.2737,   119,    30.0, 12.8998,  1, 35.3395,  1
  G425b, 053,  2004,   8, 18,  15,  11, 60.0020,  0.2737,   119,    31.0, 12.6414,  1, 35.3461,  1
  G425b, 053,  2004,   8, 18,  15,  11, 60.0020,  0.2737,   119,    32.0, 12.3212,  1, 35.3438,  1
  G425b, 053,  2004,   8, 18,  15,  11, 60.0020,  0.2737,   119,    33.0, 12.0283,  1, 35.3488,  1
  G425b, 053,  2004,   8, 18,  15,  11, 60.0020,  0.2737,   119,    34.0, 11.6991,  1, 35.3569,  1
  G425b, 053,  2004,   8, 18,  15,  11, 60.0020,  0.2737,   119,    35.0, 11.5171,  1, 35.3601,  1
  G425b, 053,  2004,   8, 18,  15,  11, 60.0020,  0.2737,   119,    36.0, 11.3985,  1, 35.3621,  1
  G425b, 053,  2004,   8, 18,  15,  11, 60.0020,  0.2737,   119,    37.0, 11.2915,  1, 35.3621,  1
  G425b, 053,  2004,   8, 18,  15,  11, 60.0020,  0.2737,   119,    38.0, 11.1837,  1, 35.3673,  1
  G425b, 053,  2004,   8, 18,  15,  11, 60.0020,  0.2737,   119,    39.0, 11.0300,  1, 35.3733,  1
  G425b, 053,  2004,   8, 18,  15,  11, 60.0020,  0.2737,   119,    40.0, 10.8611,  1, 35.3725,  1
  G425b, 053,  2004,   8, 18,  15,  11, 60.0020,  0.2737,   119,    41.0, 10.7387,  1, 35.3696,  1
  G425b, 053,  2004,   8, 18,  15,  11, 60.0020,  0.2737,   119,    42.0, 10.6828,  1, 35.3677,  1
  G425b, 053,  2004,   8, 18,  15,  11, 60.0020,  0.2737,   119,    43.0, 10.6214,  1, 35.3669,  1
  G425b, 053,  2004,   8, 18,  15,  11, 60.0020,  0.2737,   119,    44.0, 10.5298,  1, 35.3673,  1
  G425b, 053,  2004,   8, 18,  15,  11, 60.0020,  0.2737,   119,    45.0, 10.4270,  1, 35.3672,  1
  G425b, 053,  2004,   8, 18,  15,  11, 60.0020,  0.2737,   119,    46.0, 10.3426,  1, 35.3660,  1
  G425b, 053,  2004,   8, 18,  15,  11, 60.0020,  0.2737,   119,    47.0, 10.2493,  1, 35.3671,  1
  G425b, 053,  2004,   8, 18,  15,  11, 60.0020,  0.2737,   119,    48.0, 10.1952,  1, 35.3680,  1
  G425b, 053,  2004,   8, 18,  15,  11, 60.0020,  0.2737,   119,    49.0, 10.1743,  1, 35.3682,  1
  G425b, 053,  2004,   8, 18,  15,  11, 60.0020,  0.2737,   119,    50.0, 10.1395,  1, 35.3690,  1
  G425b, 053,  2004,   8, 18,  15,  11, 60.0020,  0.2737,   119,    51.0, 10.0254,  1, 35.3713,  1
  G425b, 053,  2004,   8, 18,  15,  11, 60.0020,  0.2737,   119,    52.0,  9.8849,  1, 35.3744,  1
  G425b, 053,  2004,   8, 18,  15,  11, 60.0020,  0.2737,   119,    53.0,  9.7421,  1, 35.3773,  1
  G425b, 053,  2004,   8, 18,  15,  11, 60.0020,  0.2737,   119,    54.0,  9.6410,  1, 35.3774,  1
  G425b, 053,  2004,   8, 18,  15,  11, 60.0020,  0.2737,   119,    55.0,  9.6111,  1, 35.3775,  1
  G425b, 053,  2004,   8, 18,  15,  11, 60.0020,  0.2737,   119,    56.0,  9.5834,  1, 35.3773,  1
  G425b, 053,  2004,   8, 18,  15,  11, 60.0020,  0.2737,   119,    57.0,  9.5083,  1, 35.3777,  1
  G425b, 053,  2004,   8, 18,  15,  11, 60.0020,  0.2737,   119,    58.0,  9.4422,  1, 35.3772,  1
  G425b, 053,  2004,   8, 18,  15,  11, 60.0020,  0.2737,   119,    59.0,  9.3910,  1, 35.3776,  1
  G425b, 053,  2004,   8, 18,  15,  11, 60.0020,  0.2737,   119,    60.0,  9.3214,  1, 35.3809,  1
  G425b, 053,  2004,   8, 18,  15,  11, 60.0020,  0.2737,   119,    61.0,  9.2390,  1, 35.3829,  1
  G425b, 053,  2004,   8, 18,  15,  11, 60.0020,  0.2737,   119,    62.0,  9.1690,  1, 35.3819,  1
  G425b, 053,  2004,   8, 18,  15,  11, 60.0020,  0.2737,   119,    63.0,  9.0661,  1, 35.3780,  1
  G425b, 053,  2004,   8, 18,  15,  11, 60.0020,  0.2737,   119,    64.0,  9.0002,  1, 35.3726,  1
  G425b, 053,  2004,   8, 18,  15,  11, 60.0020,  0.2737,   119,    65.0,  8.9721,  1, 35.3723,  1
  G425b, 053,  2004,   8, 18,  15,  11, 60.0020,  0.2737,   119,    66.0,  8.9391,  1, 35.3734,  1
  G425b, 053,  2004,   8, 18,  15,  11, 60.0020,  0.2737,   119,    67.0,  8.9080,  1, 35.3746,  1
  G425b, 053,  2004,   8, 18,  15,  11, 60.0020,  0.2737,   119,    68.0,  8.8669,  1, 35.3760,  1
  G425b, 053,  2004,   8, 18,  15,  11, 60.0020,  0.2737,   119,    69.0,  8.8245,  1, 35.3775,  1
  G425b, 053,  2004,   8, 18,  15,  11, 60.0020,  0.2737,   119,    70.0,  8.7965,  1, 35.3785,  1
  G425b, 053,  2004,   8, 18,  15,  11, 60.0020,  0.2737,   119,    71.0,  8.7669,  1, 35.3792,  1
  G425b, 053,  2004,   8, 18,  15,  11, 60.0020,  0.2737,   119,    72.0,  8.7529,  1, 35.3792,  1
  G425b, 053,  2004,   8, 18,  15,  11, 60.0020,  0.2737,   119,    73.0,  8.7254,  1, 35.3798,  1
  G425b, 053,  2004,   8, 18,  15,  11, 60.0020,  0.2737,   119,    74.0,  8.6972,  1, 35.3797,  1
  G425b, 053,  2004,   8, 18,  15,  11, 60.0020,  0.2737,   119,    75.0,  8.6609,  1, 35.3808,  1
  G425b, 053,  2004,   8, 18,  15,  11, 60.0020,  0.2737,   119,    76.0,  8.5895,  1, 35.3814,  1
  G425b, 053,  2004,   8, 18,  15,  11, 60.0020,  0.2737,   119,    77.0,  8.5182,  1, 35.3779,  1
  G425b, 053,  2004,   8, 18,  15,  11, 60.0020,  0.2737,   119,    78.0,  8.4935,  1, 35.3747,  1
  G425b, 053,  2004,   8, 18,  15,  11, 60.0020,  0.2737,   119,    79.0,  8.4781,  1, 35.3735,  1
  G425b, 053,  2004,   8, 18,  15,  11, 60.0020,  0.2737,   119,    80.0,  8.4471,  1, 35.3733,  1
  G425b, 053,  2004,   8, 18,  15,  11, 60.0020,  0.2737,   119,    81.0,  8.4249,  1, 35.3729,  1
  G425b, 053,  2004,   8, 18,  15,  11, 60.0020,  0.2737,   119,    82.0,  8.4016,  1, 35.3725,  1
  G425b, 053,  2004,   8, 18,  15,  11, 60.0020,  0.2737,   119,    83.0,  8.3613,  1, 35.3722,  1
  G425b, 053,  2004,   8, 18,  15,  11, 60.0020,  0.2737,   119,    84.0,  8.2918,  1, 35.3714,  1
  G425b, 053,  2004,   8, 18,  15,  11, 60.0020,  0.2737,   119,    85.0,  8.2248,  1, 35.3696,  1
  G425b, 053,  2004,   8, 18,  15,  11, 60.0020,  0.2737,   119,    86.0,  8.1867,  1, 35.3677,  1
  G425b, 053,  2004,   8, 18,  15,  11, 60.0020,  0.2737,   119,    87.0,  8.1472,  1, 35.3648,  1
  G425b, 053,  2004,   8, 18,  15,  11, 60.0020,  0.2737,   119,    88.0,  8.1293,  1, 35.3626,  1
  G425b, 053,  2004,   8, 18,  15,  11, 60.0020,  0.2737,   119,    89.0,  8.1155,  1, 35.3613,  1
  G425b, 053,  2004,   8, 18,  15,  11, 60.0020,  0.2737,   119,    90.0,  8.1064,  1, 35.3605,  1
  G425b, 053,  2004,   8, 18,  15,  11, 60.0020,  0.2737,   119,    91.0,  8.1008,  1, 35.3599,  1
  G425b, 053,  2004,   8, 18,  15,  11, 60.0020,  0.2737,   119,    92.0,  8.0982,  1, 35.3591,  1
  G425b, 053,  2004,   8, 18,  15,  11, 60.0020,  0.2737,   119,    93.0,  8.0916,  1, 35.3586,  1
  G425b, 053,  2004,   8, 18,  15,  11, 60.0020,  0.2737,   119,    94.0,  8.0787,  1, 35.3576,  1
  G425b, 053,  2004,   8, 18,  15,  11, 60.0020,  0.2737,   119,    95.0,  8.0652,  1, 35.3565,  1
  G425b, 053,  2004,   8, 18,  15,  11, 60.0020,  0.2737,   119,    96.0,  8.0553,  1, 35.3557,  1
  G425b, 053,  2004,   8, 18,  15,  11, 60.0020,  0.2737,   119,    97.0,  8.0464,  1, 35.3554,  1
  G425b, 053,  2004,   8, 18,  15,  11, 60.0020,  0.2737,   119,    98.0,  8.0410,  1, 35.3551,  1
  G425b, 053,  2004,   8, 18,  15,  11, 60.0020,  0.2737,   119,    99.0,  8.0363,  1, 35.3548,  1
  G425b, 053,  2004,   8, 18,  15,  11, 60.0020,  0.2737,   119,   100.0,  8.0284,  1, 35.3544,  1
  G425b, 053,  2004,   8, 18,  15,  11, 60.0020,  0.2737,   119,   101.0,  8.0205,  1, 35.3538,  1
  G425b, 053,  2004,   8, 18,  15,  11, 60.0020,  0.2737,   119,   102.0,  8.0129,  1, 35.3532,  1
  G425b, 053,  2004,   8, 18,  15,  11, 60.0020,  0.2737,   119,   103.0,  8.0080,  1, 35.3527,  1
  G425b, 053,  2004,   8, 18,  15,  11, 60.0020,  0.2737,   119,   104.0,  8.0069,  1, 35.3523,  1
  G425b, 053,  2004,   8, 18,  15,  11, 60.0020,  0.2737,   119,   105.0,  8.0065,  1, 35.3518,  1
  G425b, 053,  2004,   8, 18,  15,  11, 60.0020,  0.2737,   119,   106.0,  8.0064,  1, 35.3515,  1
  G425b, 053,  2004,   8, 18,  15,  11, 60.0020,  0.2737,   119,   107.0,  8.0062,  1, 35.3514,  1
  G425b, 053,  2004,   8, 18,  15,  11, 60.0020,  0.2737,   119,   108.0,  8.0048,  1, 35.3512,  1
  G425b, 053,  2004,   8, 18,  15,  11, 60.0020,  0.2737,   119,   109.0,  8.0030,  1, 35.3510,  1
  G425b, 053,  2004,   8, 18,  15,  11, 60.0020,  0.2737,   119,   110.0,  8.0021,  1, 35.3508,  1
  G425b, 053,  2004,   8, 18,  15,  11, 60.0020,  0.2737,   119,   111.0,  8.0020,  1, 35.3507,  1
  G425b, 053,  2004,   8, 18,  15,  11, 60.0020,  0.2737,   119,   112.0,  8.0020,  1, 35.3505,  1
  G425b, 053,  2004,   8, 18,  15,  11, 60.0020,  0.2737,   119,   113.0,  8.0021,  1, 35.3502,  1
  G425b, 053,  2004,   8, 18,  15,  11, 60.0020,  0.2737,   119,   114.0,  8.0020,  1, 35.3500,  1
  G425b, 053,  2004,   8, 18,  15,  11, 60.0020,  0.2737,   119,   115.0,  8.0019,  1, 35.3499,  1
  G425b, 053,  2004,   8, 18,  15,  11, 60.0020,  0.2737,   119,   116.0,  8.0020,  1, 35.3498,  1
  G425b, 053,  2004,   8, 18,  15,  11, 60.0020,  0.2737,   119,   117.0,  8.0021,  1, 35.3498,  1
  G425b, 053,  2004,   8, 18,  15,  11, 60.0020,  0.2737,   119,   118.0,  8.0023,  1, 35.3498,  1
  G425b, 053,  2004,   8, 18,  15,  11, 60.0020,  0.2737,   119,   119.0,  8.0024,  1, 35.3497,  1
  G425b, 053,  2004,   8, 18,  15,  11, 60.0020,  0.2737,   119,   120.0,  8.0026,  1, 35.3492,  1
  45CE15013a, GN052S,  2015,   8, 22,  15,  47, 60.0003,  0.7488,   122,     0.0,     NaN,  1,     NaN,  1
  45CE15013a, GN052S,  2015,   8, 22,  15,  47, 60.0003,  0.7488,   122,     1.0,     NaN,  1,     NaN,  1
  45CE15013a, GN052S,  2015,   8, 22,  15,  47, 60.0003,  0.7488,   122,     2.0, 13.8371,  1, 35.1718,  1
  45CE15013a, GN052S,  2015,   8, 22,  15,  47, 60.0003,  0.7488,   122,     3.0, 13.8254,  1, 35.1723,  1
  45CE15013a, GN052S,  2015,   8, 22,  15,  47, 60.0003,  0.7488,   122,     4.0, 13.8062,  1, 35.1734,  1
  45CE15013a, GN052S,  2015,   8, 22,  15,  47, 60.0003,  0.7488,   122,     5.0, 13.7947,  1, 35.1736,  1
  45CE15013a, GN052S,  2015,   8, 22,  15,  47, 60.0003,  0.7488,   122,     6.0, 13.7853,  1, 35.1742,  1
  45CE15013a, GN052S,  2015,   8, 22,  15,  47, 60.0003,  0.7488,   122,     7.0, 13.8028,  1, 35.1732,  1
  45CE15013a, GN052S,  2015,   8, 22,  15,  47, 60.0003,  0.7488,   122,     8.0, 13.8068,  1, 35.1731,  1
  45CE15013a, GN052S,  2015,   8, 22,  15,  47, 60.0003,  0.7488,   122,     9.0, 13.7985,  1, 35.1736,  1
  45CE15013a, GN052S,  2015,   8, 22,  15,  47, 60.0003,  0.7488,   122,    10.0, 13.7956,  1, 35.1740,  1
  45CE15013a, GN052S,  2015,   8, 22,  15,  47, 60.0003,  0.7488,   122,    11.0, 13.7945,  1, 35.1738,  1
  45CE15013a, GN052S,  2015,   8, 22,  15,  47, 60.0003,  0.7488,   122,    12.0, 13.7972,  1, 35.1735,  1
  45CE15013a, GN052S,  2015,   8, 22,  15,  47, 60.0003,  0.7488,   122,    13.0, 13.8024,  1, 35.1736,  1
  45CE15013a, GN052S,  2015,   8, 22,  15,  47, 60.0003,  0.7488,   122,    14.0, 13.7918,  1, 35.1743,  1
  45CE15013a, GN052S,  2015,   8, 22,  15,  47, 60.0003,  0.7488,   122,    15.0, 13.7822,  1, 35.1748,  1
  45CE15013a, GN052S,  2015,   8, 22,  15,  47, 60.0003,  0.7488,   122,    16.0, 13.7747,  1, 35.1753,  1
  45CE15013a, GN052S,  2015,   8, 22,  15,  47, 60.0003,  0.7488,   122,    17.0, 13.7869,  1, 35.1734,  1
  45CE15013a, GN052S,  2015,   8, 22,  15,  47, 60.0003,  0.7488,   122,    18.0, 13.7621,  1, 35.1759,  1
  45CE15013a, GN052S,  2015,   8, 22,  15,  47, 60.0003,  0.7488,   122,    19.0, 13.7456,  1, 35.1776,  1
  45CE15013a, GN052S,  2015,   8, 22,  15,  47, 60.0003,  0.7488,   122,    20.0, 13.7429,  1, 35.1782,  1
  45CE15013a, GN052S,  2015,   8, 22,  15,  47, 60.0003,  0.7488,   122,    21.0, 13.7386,  1, 35.1793,  1
  45CE15013a, GN052S,  2015,   8, 22,  15,  47, 60.0003,  0.7488,   122,    22.0, 13.7380,  1, 35.1796,  1
  45CE15013a, GN052S,  2015,   8, 22,  15,  47, 60.0003,  0.7488,   122,    23.0, 13.7374,  1, 35.1801,  1
  45CE15013a, GN052S,  2015,   8, 22,  15,  47, 60.0003,  0.7488,   122,    24.0, 13.7364,  1, 35.1807,  1
  45CE15013a, GN052S,  2015,   8, 22,  15,  47, 60.0003,  0.7488,   122,    25.0, 13.7349,  1, 35.1816,  1
  45CE15013a, GN052S,  2015,   8, 22,  15,  47, 60.0003,  0.7488,   122,    26.0, 13.7325,  1, 35.1828,  1
  45CE15013a, GN052S,  2015,   8, 22,  15,  47, 60.0003,  0.7488,   122,    27.0, 13.7285,  1, 35.1845,  1
  45CE15013a, GN052S,  2015,   8, 22,  15,  47, 60.0003,  0.7488,   122,    28.0, 13.7192,  1, 35.1873,  1
  45CE15013a, GN052S,  2015,   8, 22,  15,  47, 60.0003,  0.7488,   122,    29.0, 13.6918,  1, 35.1911,  1
  45CE15013a, GN052S,  2015,   8, 22,  15,  47, 60.0003,  0.7488,   122,    30.0, 13.5785,  1, 35.2010,  1
  45CE15013a, GN052S,  2015,   8, 22,  15,  47, 60.0003,  0.7488,   122,    31.0, 13.3296,  1, 35.2194,  1
  45CE15013a, GN052S,  2015,   8, 22,  15,  47, 60.0003,  0.7488,   122,    32.0, 12.8826,  1, 35.2513,  1
  45CE15013a, GN052S,  2015,   8, 22,  15,  47, 60.0003,  0.7488,   122,    33.0, 12.1323,  1, 35.2953,  1
  45CE15013a, GN052S,  2015,   8, 22,  15,  47, 60.0003,  0.7488,   122,    34.0, 10.9685,  1, 35.3470,  1
  45CE15013a, GN052S,  2015,   8, 22,  15,  47, 60.0003,  0.7488,   122,    35.0, 10.4083,  1, 35.3682,  1
  45CE15013a, GN052S,  2015,   8, 22,  15,  47, 60.0003,  0.7488,   122,    36.0, 10.0734,  1, 35.3597,  1
  45CE15013a, GN052S,  2015,   8, 22,  15,  47, 60.0003,  0.7488,   122,    37.0,  9.9215,  1, 35.3516,  1
  45CE15013a, GN052S,  2015,   8, 22,  15,  47, 60.0003,  0.7488,   122,    38.0,  9.8462,  1, 35.3494,  1
  45CE15013a, GN052S,  2015,   8, 22,  15,  47, 60.0003,  0.7488,   122,    39.0,  9.7868,  1, 35.3493,  1
  45CE15013a, GN052S,  2015,   8, 22,  15,  47, 60.0003,  0.7488,   122,    40.0,  9.6778,  1, 35.3455,  1
  45CE15013a, GN052S,  2015,   8, 22,  15,  47, 60.0003,  0.7488,   122,    41.0,  9.5395,  1, 35.3438,  1
  45CE15013a, GN052S,  2015,   8, 22,  15,  47, 60.0003,  0.7488,   122,    42.0,  9.4543,  1, 35.3431,  1
  45CE15013a, GN052S,  2015,   8, 22,  15,  47, 60.0003,  0.7488,   122,    43.0,  9.3849,  1, 35.3410,  1
  45CE15013a, GN052S,  2015,   8, 22,  15,  47, 60.0003,  0.7488,   122,    44.0,  9.3026,  1, 35.3372,  1
  45CE15013a, GN052S,  2015,   8, 22,  15,  47, 60.0003,  0.7488,   122,    45.0,  9.2016,  1, 35.3393,  1
  45CE15013a, GN052S,  2015,   8, 22,  15,  47, 60.0003,  0.7488,   122,    46.0,  9.0787,  1, 35.3375,  1
  45CE15013a, GN052S,  2015,   8, 22,  15,  47, 60.0003,  0.7488,   122,    47.0,  8.9920,  1, 35.3448,  1
  45CE15013a, GN052S,  2015,   8, 22,  15,  47, 60.0003,  0.7488,   122,    48.0,  8.9431,  1, 35.3497,  1
  45CE15013a, GN052S,  2015,   8, 22,  15,  47, 60.0003,  0.7488,   122,    49.0,  8.8977,  1, 35.3488,  1
  45CE15013a, GN052S,  2015,   8, 22,  15,  47, 60.0003,  0.7488,   122,    50.0,  8.8638,  1, 35.3479,  1
  45CE15013a, GN052S,  2015,   8, 22,  15,  47, 60.0003,  0.7488,   122,    51.0,  8.8120,  1, 35.3465,  1
  45CE15013a, GN052S,  2015,   8, 22,  15,  47, 60.0003,  0.7488,   122,    52.0,  8.7576,  1, 35.3451,  1
  45CE15013a, GN052S,  2015,   8, 22,  15,  47, 60.0003,  0.7488,   122,    53.0,  8.6816,  1, 35.3470,  1
  45CE15013a, GN052S,  2015,   8, 22,  15,  47, 60.0003,  0.7488,   122,    54.0,  8.6410,  1, 35.3479,  1
  45CE15013a, GN052S,  2015,   8, 22,  15,  47, 60.0003,  0.7488,   122,    55.0,  8.6098,  1, 35.3498,  1
  45CE15013a, GN052S,  2015,   8, 22,  15,  47, 60.0003,  0.7488,   122,    56.0,  8.5311,  1, 35.3503,  1
  45CE15013a, GN052S,  2015,   8, 22,  15,  47, 60.0003,  0.7488,   122,    57.0,  8.4527,  1, 35.3472,  1
  45CE15013a, GN052S,  2015,   8, 22,  15,  47, 60.0003,  0.7488,   122,    58.0,  8.3953,  1, 35.3429,  1
  45CE15013a, GN052S,  2015,   8, 22,  15,  47, 60.0003,  0.7488,   122,    59.0,  8.3380,  1, 35.3389,  1
  45CE15013a, GN052S,  2015,   8, 22,  15,  47, 60.0003,  0.7488,   122,    60.0,  8.2778,  1, 35.3364,  1
  45CE15013a, GN052S,  2015,   8, 22,  15,  47, 60.0003,  0.7488,   122,    61.0,  8.2449,  1, 35.3362,  1
  45CE15013a, GN052S,  2015,   8, 22,  15,  47, 60.0003,  0.7488,   122,    62.0,  8.2240,  1, 35.3358,  1
  45CE15013a, GN052S,  2015,   8, 22,  15,  47, 60.0003,  0.7488,   122,    63.0,  8.1985,  1, 35.3336,  1
  45CE15013a, GN052S,  2015,   8, 22,  15,  47, 60.0003,  0.7488,   122,    64.0,  8.1427,  1, 35.3276,  1
  45CE15013a, GN052S,  2015,   8, 22,  15,  47, 60.0003,  0.7488,   122,    65.0,  8.0885,  1, 35.3215,  1
  45CE15013a, GN052S,  2015,   8, 22,  15,  47, 60.0003,  0.7488,   122,    66.0,  8.0552,  1, 35.3181,  1
  45CE15013a, GN052S,  2015,   8, 22,  15,  47, 60.0003,  0.7488,   122,    67.0,  8.0142,  1, 35.3215,  1
  45CE15013a, GN052S,  2015,   8, 22,  15,  47, 60.0003,  0.7488,   122,    68.0,  7.9899,  1, 35.3283,  1
  45CE15013a, GN052S,  2015,   8, 22,  15,  47, 60.0003,  0.7488,   122,    69.0,  7.9827,  1, 35.3297,  1
  45CE15013a, GN052S,  2015,   8, 22,  15,  47, 60.0003,  0.7488,   122,    70.0,  7.9795,  1, 35.3289,  1
  45CE15013a, GN052S,  2015,   8, 22,  15,  47, 60.0003,  0.7488,   122,    71.0,  7.9613,  1, 35.3267,  1
  45CE15013a, GN052S,  2015,   8, 22,  15,  47, 60.0003,  0.7488,   122,    72.0,  7.9036,  1, 35.3250,  1
  45CE15013a, GN052S,  2015,   8, 22,  15,  47, 60.0003,  0.7488,   122,    73.0,  7.9016,  1, 35.3264,  1
  45CE15013a, GN052S,  2015,   8, 22,  15,  47, 60.0003,  0.7488,   122,    74.0,  7.9033,  1, 35.3267,  1
  45CE15013a, GN052S,  2015,   8, 22,  15,  47, 60.0003,  0.7488,   122,    75.0,  7.8779,  1, 35.3254,  1
  45CE15013a, GN052S,  2015,   8, 22,  15,  47, 60.0003,  0.7488,   122,    76.0,  7.8532,  1, 35.3232,  1
  45CE15013a, GN052S,  2015,   8, 22,  15,  47, 60.0003,  0.7488,   122,    77.0,  7.8475,  1, 35.3233,  1
  45CE15013a, GN052S,  2015,   8, 22,  15,  47, 60.0003,  0.7488,   122,    78.0,  7.8476,  1, 35.3238,  1
  45CE15013a, GN052S,  2015,   8, 22,  15,  47, 60.0003,  0.7488,   122,    79.0,  7.8449,  1, 35.3238,  1
  45CE15013a, GN052S,  2015,   8, 22,  15,  47, 60.0003,  0.7488,   122,    80.0,  7.8286,  1, 35.3226,  1
  45CE15013a, GN052S,  2015,   8, 22,  15,  47, 60.0003,  0.7488,   122,    81.0,  7.8237,  1, 35.3222,  1
  45CE15013a, GN052S,  2015,   8, 22,  15,  47, 60.0003,  0.7488,   122,    82.0,  7.8202,  1, 35.3224,  1
  45CE15013a, GN052S,  2015,   8, 22,  15,  47, 60.0003,  0.7488,   122,    83.0,  7.8114,  1, 35.3214,  1
  45CE15013a, GN052S,  2015,   8, 22,  15,  47, 60.0003,  0.7488,   122,    84.0,  7.8038,  1, 35.3203,  1
  45CE15013a, GN052S,  2015,   8, 22,  15,  47, 60.0003,  0.7488,   122,    85.0,  7.8009,  1, 35.3198,  1
  45CE15013a, GN052S,  2015,   8, 22,  15,  47, 60.0003,  0.7488,   122,    86.0,  7.7981,  1, 35.3194,  1
  45CE15013a, GN052S,  2015,   8, 22,  15,  47, 60.0003,  0.7488,   122,    87.0,  7.7946,  1, 35.3188,  1
  45CE15013a, GN052S,  2015,   8, 22,  15,  47, 60.0003,  0.7488,   122,    88.0,  7.7896,  1, 35.3181,  1
  45CE15013a, GN052S,  2015,   8, 22,  15,  47, 60.0003,  0.7488,   122,    89.0,  7.7865,  1, 35.3177,  1
  45CE15013a, GN052S,  2015,   8, 22,  15,  47, 60.0003,  0.7488,   122,    90.0,  7.7844,  1, 35.3174,  1
  45CE15013a, GN052S,  2015,   8, 22,  15,  47, 60.0003,  0.7488,   122,    91.0,  7.7855,  1, 35.3175,  1
  45CE15013a, GN052S,  2015,   8, 22,  15,  47, 60.0003,  0.7488,   122,    92.0,  7.7866,  1, 35.3176,  1
  45CE15013a, GN052S,  2015,   8, 22,  15,  47, 60.0003,  0.7488,   122,    93.0,  7.7827,  1, 35.3170,  1
  45CE15013a, GN052S,  2015,   8, 22,  15,  47, 60.0003,  0.7488,   122,    94.0,  7.7726,  1, 35.3158,  1
  45CE15013a, GN052S,  2015,   8, 22,  15,  47, 60.0003,  0.7488,   122,    95.0,  7.7679,  1, 35.3151,  1
  45CE15013a, GN052S,  2015,   8, 22,  15,  47, 60.0003,  0.7488,   122,    96.0,  7.7656,  1, 35.3147,  1
  45CE15013a, GN052S,  2015,   8, 22,  15,  47, 60.0003,  0.7488,   122,    97.0,  7.7622,  1, 35.3140,  1
  45CE15013a, GN052S,  2015,   8, 22,  15,  47, 60.0003,  0.7488,   122,    98.0,  7.7484,  1, 35.3120,  1
  45CE15013a, GN052S,  2015,   8, 22,  15,  47, 60.0003,  0.7488,   122,    99.0,  7.7247,  1, 35.3086,  1
  45CE15013a, GN052S,  2015,   8, 22,  15,  47, 60.0003,  0.7488,   122,   100.0,  7.7119,  1, 35.3066,  1
  45CE15013a, GN052S,  2015,   8, 22,  15,  47, 60.0003,  0.7488,   122,   101.0,  7.6970,  1, 35.3039,  1
  45CE15013a, GN052S,  2015,   8, 22,  15,  47, 60.0003,  0.7488,   122,   102.0,  7.6631,  1, 35.2990,  1
  45CE15013a, GN052S,  2015,   8, 22,  15,  47, 60.0003,  0.7488,   122,   103.0,  7.6470,  1, 35.2967,  1
  45CE15013a, GN052S,  2015,   8, 22,  15,  47, 60.0003,  0.7488,   122,   104.0,  7.6360,  1, 35.2951,  1
  45CE15013a, GN052S,  2015,   8, 22,  15,  47, 60.0003,  0.7488,   122,   105.0,  7.6258,  1, 35.2940,  1
  45CE15013a, GN052S,  2015,   8, 22,  15,  47, 60.0003,  0.7488,   122,   106.0,  7.6195,  1, 35.2935,  1
  45CE15013a, GN052S,  2015,   8, 22,  15,  47, 60.0003,  0.7488,   122,   107.0,  7.6169,  1, 35.2930,  1
  45CE15013a, GN052S,  2015,   8, 22,  15,  47, 60.0003,  0.7488,   122,   108.0,  7.6151,  1, 35.2926,  1
  45CE15013a, GN052S,  2015,   8, 22,  15,  47, 60.0003,  0.7488,   122,   109.0,  7.6141,  1, 35.2922,  1
  45CE15013a, GN052S,  2015,   8, 22,  15,  47, 60.0003,  0.7488,   122,   110.0,  7.6133,  1, 35.2920,  1
  45CE15013a, GN052S,  2015,   8, 22,  15,  47, 60.0003,  0.7488,   122,   111.0,  7.6123,  1, 35.2918,  1
  45CE15013a, GN052S,  2015,   8, 22,  15,  47, 60.0003,  0.7488,   122,   112.0,  7.6118,  1, 35.2916,  1
  45CE15013a, GN052S,  2015,   8, 22,  15,  47, 60.0003,  0.7488,   122,   113.0,  7.6117,  1, 35.2915,  1
  45CE15013a, GN052S,  2015,   8, 22,  15,  47, 60.0003,  0.7488,   122,   114.0,  7.6115,  1, 35.2916,  1
  45CE15013a, GN052S,  2015,   8, 22,  15,  47, 60.0003,  0.7488,   122,   115.0,  7.6118,  1, 35.2915,  1
  45CE15013a, GN052S,  2015,   8, 22,  15,  47, 60.0003,  0.7488,   122,   116.0,  7.6123,  1, 35.2915,  1
  45CE15013a, GN052S,  2015,   8, 22,  15,  47, 60.0003,  0.7488,   122,   117.0,  7.6133,  1, 35.2917,  1
  45CE15013a, GN052S,  2015,   8, 22,  15,  47, 60.0003,  0.7488,   122,   118.0,  7.6196,  1, 35.2928,  1
  45CE15013a, GN052S,  2015,   8, 22,  15,  47, 60.0003,  0.7488,   122,   119.0,  7.6212,  1, 35.2931,  1
  45CE15013a, GN052S,  2015,   8, 22,  15,  47, 60.0003,  0.7488,   122,   120.0,  7.6218,  1, 35.2930,  1
  45CE15013a, GN052S,  2015,   8, 22,  15,  47, 60.0003,  0.7488,   122,   121.0,  7.6222,  1, 35.2931,  1
  45CE15013a, GN052S,  2015,   8, 22,  15,  47, 60.0003,  0.7488,   122,   122.0,  7.6221,  1, 35.2931,  1
  45CE16011a, GN052S,  2016,   8, 20,  23,  43, 60.0008,  0.7552,   124,     0.0,     NaN,  1,     NaN,  1
  45CE16011a, GN052S,  2016,   8, 20,  23,  43, 60.0008,  0.7552,   124,     1.0,     NaN,  1,     NaN,  1
  45CE16011a, GN052S,  2016,   8, 20,  23,  43, 60.0008,  0.7552,   124,     2.0, 13.0849,  1, 34.7939,  1
  45CE16011a, GN052S,  2016,   8, 20,  23,  43, 60.0008,  0.7552,   124,     3.0, 13.0845,  1, 34.7938,  1
  45CE16011a, GN052S,  2016,   8, 20,  23,  43, 60.0008,  0.7552,   124,     4.0, 13.0833,  1, 34.7938,  1
  45CE16011a, GN052S,  2016,   8, 20,  23,  43, 60.0008,  0.7552,   124,     5.0, 13.0827,  1, 34.7938,  1
  45CE16011a, GN052S,  2016,   8, 20,  23,  43, 60.0008,  0.7552,   124,     6.0, 13.0831,  1, 34.7938,  1
  45CE16011a, GN052S,  2016,   8, 20,  23,  43, 60.0008,  0.7552,   124,     7.0, 13.0838,  1, 34.7938,  1
  45CE16011a, GN052S,  2016,   8, 20,  23,  43, 60.0008,  0.7552,   124,     8.0, 13.0842,  1, 34.7938,  1
  45CE16011a, GN052S,  2016,   8, 20,  23,  43, 60.0008,  0.7552,   124,     9.0, 13.0847,  1, 34.7938,  1
  45CE16011a, GN052S,  2016,   8, 20,  23,  43, 60.0008,  0.7552,   124,    10.0, 13.0848,  1, 34.7938,  1
  45CE16011a, GN052S,  2016,   8, 20,  23,  43, 60.0008,  0.7552,   124,    11.0, 13.0848,  1, 34.7938,  1
  45CE16011a, GN052S,  2016,   8, 20,  23,  43, 60.0008,  0.7552,   124,    12.0, 13.0847,  1, 34.7940,  1
  45CE16011a, GN052S,  2016,   8, 20,  23,  43, 60.0008,  0.7552,   124,    13.0, 13.0846,  1, 34.7964,  1
  45CE16011a, GN052S,  2016,   8, 20,  23,  43, 60.0008,  0.7552,   124,    14.0, 13.0829,  1, 34.8009,  1
  45CE16011a, GN052S,  2016,   8, 20,  23,  43, 60.0008,  0.7552,   124,    15.0, 13.0732,  1, 34.8082,  1
  45CE16011a, GN052S,  2016,   8, 20,  23,  43, 60.0008,  0.7552,   124,    16.0, 13.0424,  1, 34.8161,  1
  45CE16011a, GN052S,  2016,   8, 20,  23,  43, 60.0008,  0.7552,   124,    17.0, 12.9396,  1, 34.8215,  1
  45CE16011a, GN052S,  2016,   8, 20,  23,  43, 60.0008,  0.7552,   124,    18.0, 12.7746,  1, 34.8218,  1
  45CE16011a, GN052S,  2016,   8, 20,  23,  43, 60.0008,  0.7552,   124,    19.0, 12.6733,  1, 34.8219,  1
  45CE16011a, GN052S,  2016,   8, 20,  23,  43, 60.0008,  0.7552,   124,    20.0, 12.5290,  1, 34.8246,  1
  45CE16011a, GN052S,  2016,   8, 20,  23,  43, 60.0008,  0.7552,   124,    21.0, 12.3963,  1, 34.8311,  1
  45CE16011a, GN052S,  2016,   8, 20,  23,  43, 60.0008,  0.7552,   124,    22.0, 12.3404,  1, 34.8351,  1
  45CE16011a, GN052S,  2016,   8, 20,  23,  43, 60.0008,  0.7552,   124,    23.0, 12.3302,  1, 34.8346,  1
  45CE16011a, GN052S,  2016,   8, 20,  23,  43, 60.0008,  0.7552,   124,    24.0, 12.3168,  1, 34.8346,  1
  45CE16011a, GN052S,  2016,   8, 20,  23,  43, 60.0008,  0.7552,   124,    25.0, 12.3078,  1, 34.8358,  1
  45CE16011a, GN052S,  2016,   8, 20,  23,  43, 60.0008,  0.7552,   124,    26.0, 12.3117,  1, 34.8398,  1
  45CE16011a, GN052S,  2016,   8, 20,  23,  43, 60.0008,  0.7552,   124,    27.0, 12.3313,  1, 34.8507,  1
  45CE16011a, GN052S,  2016,   8, 20,  23,  43, 60.0008,  0.7552,   124,    28.0, 12.3444,  1, 34.8609,  1
  45CE16011a, GN052S,  2016,   8, 20,  23,  43, 60.0008,  0.7552,   124,    29.0, 12.3372,  1, 34.8622,  1
  45CE16011a, GN052S,  2016,   8, 20,  23,  43, 60.0008,  0.7552,   124,    30.0, 12.3381,  1, 34.8680,  1
  45CE16011a, GN052S,  2016,   8, 20,  23,  43, 60.0008,  0.7552,   124,    31.0, 12.3514,  1, 34.8793,  1
  45CE16011a, GN052S,  2016,   8, 20,  23,  43, 60.0008,  0.7552,   124,    32.0, 12.3630,  1, 34.8947,  1
  45CE16011a, GN052S,  2016,   8, 20,  23,  43, 60.0008,  0.7552,   124,    33.0, 12.2722,  1, 34.9083,  1
  45CE16011a, GN052S,  2016,   8, 20,  23,  43, 60.0008,  0.7552,   124,    34.0, 12.1233,  1, 34.9045,  1
  45CE16011a, GN052S,  2016,   8, 20,  23,  43, 60.0008,  0.7552,   124,    35.0, 11.9586,  1, 34.8991,  1
  45CE16011a, GN052S,  2016,   8, 20,  23,  43, 60.0008,  0.7552,   124,    36.0, 11.5501,  1, 34.9298,  1
  45CE16011a, GN052S,  2016,   8, 20,  23,  43, 60.0008,  0.7552,   124,    37.0, 11.0253,  1, 35.0118,  1
  45CE16011a, GN052S,  2016,   8, 20,  23,  43, 60.0008,  0.7552,   124,    38.0, 10.8179,  1, 35.0521,  1
  45CE16011a, GN052S,  2016,   8, 20,  23,  43, 60.0008,  0.7552,   124,    39.0, 10.4144,  1, 35.0967,  1
  45CE16011a, GN052S,  2016,   8, 20,  23,  43, 60.0008,  0.7552,   124,    40.0, 10.0699,  1, 35.1460,  1
  45CE16011a, GN052S,  2016,   8, 20,  23,  43, 60.0008,  0.7552,   124,    41.0,  9.9129,  1, 35.1702,  1
  45CE16011a, GN052S,  2016,   8, 20,  23,  43, 60.0008,  0.7552,   124,    42.0,  9.7012,  1, 35.1952,  1
  45CE16011a, GN052S,  2016,   8, 20,  23,  43, 60.0008,  0.7552,   124,    43.0,  9.4058,  1, 35.2396,  1
  45CE16011a, GN052S,  2016,   8, 20,  23,  43, 60.0008,  0.7552,   124,    44.0,  9.1672,  1, 35.2774,  1
  45CE16011a, GN052S,  2016,   8, 20,  23,  43, 60.0008,  0.7552,   124,    45.0,  9.0173,  1, 35.2910,  1
  45CE16011a, GN052S,  2016,   8, 20,  23,  43, 60.0008,  0.7552,   124,    46.0,  8.9359,  1, 35.2930,  1
  45CE16011a, GN052S,  2016,   8, 20,  23,  43, 60.0008,  0.7552,   124,    47.0,  8.8714,  1, 35.2925,  1
  45CE16011a, GN052S,  2016,   8, 20,  23,  43, 60.0008,  0.7552,   124,    48.0,  8.8172,  1, 35.2923,  1
  45CE16011a, GN052S,  2016,   8, 20,  23,  43, 60.0008,  0.7552,   124,    49.0,  8.7743,  1, 35.2904,  1
  45CE16011a, GN052S,  2016,   8, 20,  23,  43, 60.0008,  0.7552,   124,    50.0,  8.7303,  1, 35.2896,  1
  45CE16011a, GN052S,  2016,   8, 20,  23,  43, 60.0008,  0.7552,   124,    51.0,  8.7079,  1, 35.2891,  1
  45CE16011a, GN052S,  2016,   8, 20,  23,  43, 60.0008,  0.7552,   124,    52.0,  8.6780,  1, 35.2886,  1
  45CE16011a, GN052S,  2016,   8, 20,  23,  43, 60.0008,  0.7552,   124,    53.0,  8.6387,  1, 35.2878,  1
  45CE16011a, GN052S,  2016,   8, 20,  23,  43, 60.0008,  0.7552,   124,    54.0,  8.6108,  1, 35.2869,  1
  45CE16011a, GN052S,  2016,   8, 20,  23,  43, 60.0008,  0.7552,   124,    55.0,  8.6054,  1, 35.2865,  1
  45CE16011a, GN052S,  2016,   8, 20,  23,  43, 60.0008,  0.7552,   124,    56.0,  8.5888,  1, 35.2869,  1
  45CE16011a, GN052S,  2016,   8, 20,  23,  43, 60.0008,  0.7552,   124,    57.0,  8.5606,  1, 35.2880,  1
  45CE16011a, GN052S,  2016,   8, 20,  23,  43, 60.0008,  0.7552,   124,    58.0,  8.5490,  1, 35.2875,  1
  45CE16011a, GN052S,  2016,   8, 20,  23,  43, 60.0008,  0.7552,   124,    59.0,  8.5376,  1, 35.2867,  1
  45CE16011a, GN052S,  2016,   8, 20,  23,  43, 60.0008,  0.7552,   124,    60.0,  8.4977,  1, 35.2860,  1
  45CE16011a, GN052S,  2016,   8, 20,  23,  43, 60.0008,  0.7552,   124,    61.0,  8.4391,  1, 35.2850,  1
  45CE16011a, GN052S,  2016,   8, 20,  23,  43, 60.0008,  0.7552,   124,    62.0,  8.3873,  1, 35.2840,  1
  45CE16011a, GN052S,  2016,   8, 20,  23,  43, 60.0008,  0.7552,   124,    63.0,  8.3574,  1, 35.2833,  1
  45CE16011a, GN052S,  2016,   8, 20,  23,  43, 60.0008,  0.7552,   124,    64.0,  8.3230,  1, 35.2821,  1
  45CE16011a, GN052S,  2016,   8, 20,  23,  43, 60.0008,  0.7552,   124,    65.0,  8.2685,  1, 35.2797,  1
  45CE16011a, GN052S,  2016,   8, 20,  23,  43, 60.0008,  0.7552,   124,    66.0,  8.1954,  1, 35.2776,  1
  45CE16011a, GN052S,  2016,   8, 20,  23,  43, 60.0008,  0.7552,   124,    67.0,  8.1761,  1, 35.2759,  1
  45CE16011a, GN052S,  2016,   8, 20,  23,  43, 60.0008,  0.7552,   124,    68.0,  8.1675,  1, 35.2753,  1
  45CE16011a, GN052S,  2016,   8, 20,  23,  43, 60.0008,  0.7552,   124,    69.0,  8.1484,  1, 35.2748,  1
  45CE16011a, GN052S,  2016,   8, 20,  23,  43, 60.0008,  0.7552,   124,    70.0,  8.1218,  1, 35.2737,  1
  45CE16011a, GN052S,  2016,   8, 20,  23,  43, 60.0008,  0.7552,   124,    71.0,  8.1105,  1, 35.2727,  1
  45CE16011a, GN052S,  2016,   8, 20,  23,  43, 60.0008,  0.7552,   124,    72.0,  8.0925,  1, 35.2719,  1
  45CE16011a, GN052S,  2016,   8, 20,  23,  43, 60.0008,  0.7552,   124,    73.0,  8.0509,  1, 35.2711,  1
  45CE16011a, GN052S,  2016,   8, 20,  23,  43, 60.0008,  0.7552,   124,    74.0,  8.0009,  1, 35.2703,  1
  45CE16011a, GN052S,  2016,   8, 20,  23,  43, 60.0008,  0.7552,   124,    75.0,  7.9801,  1, 35.2689,  1
  45CE16011a, GN052S,  2016,   8, 20,  23,  43, 60.0008,  0.7552,   124,    76.0,  7.9693,  1, 35.2681,  1
  45CE16011a, GN052S,  2016,   8, 20,  23,  43, 60.0008,  0.7552,   124,    77.0,  7.9612,  1, 35.2678,  1
  45CE16011a, GN052S,  2016,   8, 20,  23,  43, 60.0008,  0.7552,   124,    78.0,  7.9583,  1, 35.2673,  1
  45CE16011a, GN052S,  2016,   8, 20,  23,  43, 60.0008,  0.7552,   124,    79.0,  7.9574,  1, 35.2666,  1
  45CE16011a, GN052S,  2016,   8, 20,  23,  43, 60.0008,  0.7552,   124,    80.0,  7.9559,  1, 35.2664,  1
  45CE16011a, GN052S,  2016,   8, 20,  23,  43, 60.0008,  0.7552,   124,    81.0,  7.9552,  1, 35.2661,  1
  45CE16011a, GN052S,  2016,   8, 20,  23,  43, 60.0008,  0.7552,   124,    82.0,  7.9549,  1, 35.2659,  1
  45CE16011a, GN052S,  2016,   8, 20,  23,  43, 60.0008,  0.7552,   124,    83.0,  7.9543,  1, 35.2657,  1
  45CE16011a, GN052S,  2016,   8, 20,  23,  43, 60.0008,  0.7552,   124,    84.0,  7.9535,  1, 35.2654,  1
  45CE16011a, GN052S,  2016,   8, 20,  23,  43, 60.0008,  0.7552,   124,    85.0,  7.9529,  1, 35.2654,  1
  45CE16011a, GN052S,  2016,   8, 20,  23,  43, 60.0008,  0.7552,   124,    86.0,  7.9527,  1, 35.2652,  1
  45CE16011a, GN052S,  2016,   8, 20,  23,  43, 60.0008,  0.7552,   124,    87.0,  7.9522,  1, 35.2650,  1
  45CE16011a, GN052S,  2016,   8, 20,  23,  43, 60.0008,  0.7552,   124,    88.0,  7.9501,  1, 35.2648,  1
  45CE16011a, GN052S,  2016,   8, 20,  23,  43, 60.0008,  0.7552,   124,    89.0,  7.9481,  1, 35.2647,  1
  45CE16011a, GN052S,  2016,   8, 20,  23,  43, 60.0008,  0.7552,   124,    90.0,  7.9477,  1, 35.2646,  1
  45CE16011a, GN052S,  2016,   8, 20,  23,  43, 60.0008,  0.7552,   124,    91.0,  7.9475,  1, 35.2646,  1
  45CE16011a, GN052S,  2016,   8, 20,  23,  43, 60.0008,  0.7552,   124,    92.0,  7.9474,  1, 35.2645,  1
  45CE16011a, GN052S,  2016,   8, 20,  23,  43, 60.0008,  0.7552,   124,    93.0,  7.9471,  1, 35.2644,  1
  45CE16011a, GN052S,  2016,   8, 20,  23,  43, 60.0008,  0.7552,   124,    94.0,  7.9469,  1, 35.2642,  1
  45CE16011a, GN052S,  2016,   8, 20,  23,  43, 60.0008,  0.7552,   124,    95.0,  7.9470,  1, 35.2642,  1
  45CE16011a, GN052S,  2016,   8, 20,  23,  43, 60.0008,  0.7552,   124,    96.0,  7.9472,  1, 35.2641,  1
  45CE16011a, GN052S,  2016,   8, 20,  23,  43, 60.0008,  0.7552,   124,    97.0,  7.9472,  1, 35.2640,  1
  45CE16011a, GN052S,  2016,   8, 20,  23,  43, 60.0008,  0.7552,   124,    98.0,  7.9463,  1, 35.2640,  1
  45CE16011a, GN052S,  2016,   8, 20,  23,  43, 60.0008,  0.7552,   124,    99.0,  7.9451,  1, 35.2640,  1
  45CE16011a, GN052S,  2016,   8, 20,  23,  43, 60.0008,  0.7552,   124,   100.0,  7.9443,  1, 35.2639,  1
  45CE16011a, GN052S,  2016,   8, 20,  23,  43, 60.0008,  0.7552,   124,   101.0,  7.9422,  1, 35.2637,  1
  45CE16011a, GN052S,  2016,   8, 20,  23,  43, 60.0008,  0.7552,   124,   102.0,  7.9369,  1, 35.2636,  1
  45CE16011a, GN052S,  2016,   8, 20,  23,  43, 60.0008,  0.7552,   124,   103.0,  7.9332,  1, 35.2634,  1
  45CE16011a, GN052S,  2016,   8, 20,  23,  43, 60.0008,  0.7552,   124,   104.0,  7.9316,  1, 35.2634,  1
  45CE16011a, GN052S,  2016,   8, 20,  23,  43, 60.0008,  0.7552,   124,   105.0,  7.9299,  1, 35.2633,  1
  45CE16011a, GN052S,  2016,   8, 20,  23,  43, 60.0008,  0.7552,   124,   106.0,  7.9269,  1, 35.2631,  1
  45CE16011a, GN052S,  2016,   8, 20,  23,  43, 60.0008,  0.7552,   124,   107.0,  7.9171,  1, 35.2629,  1
  45CE16011a, GN052S,  2016,   8, 20,  23,  43, 60.0008,  0.7552,   124,   108.0,  7.9077,  1, 35.2626,  1
  45CE16011a, GN052S,  2016,   8, 20,  23,  43, 60.0008,  0.7552,   124,   109.0,  7.9002,  1, 35.2622,  1
  45CE16011a, GN052S,  2016,   8, 20,  23,  43, 60.0008,  0.7552,   124,   110.0,  7.8914,  1, 35.2622,  1
  45CE16011a, GN052S,  2016,   8, 20,  23,  43, 60.0008,  0.7552,   124,   111.0,  7.8793,  1, 35.2616,  1
  45CE16011a, GN052S,  2016,   8, 20,  23,  43, 60.0008,  0.7552,   124,   112.0,  7.8692,  1, 35.2614,  1
  45CE16011a, GN052S,  2016,   8, 20,  23,  43, 60.0008,  0.7552,   124,   113.0,  7.8692,  1, 35.2612,  1
  45CE16011a, GN052S,  2016,   8, 20,  23,  43, 60.0008,  0.7552,   124,   114.0,  7.8660,  1, 35.2607,  1
  45CE16011a, GN052S,  2016,   8, 20,  23,  43, 60.0008,  0.7552,   124,   115.0,  7.8564,  1, 35.2603,  1
  45CE16011a, GN052S,  2016,   8, 20,  23,  43, 60.0008,  0.7552,   124,   116.0,  7.8452,  1, 35.2600,  1
  45CE16011a, GN052S,  2016,   8, 20,  23,  43, 60.0008,  0.7552,   124,   117.0,  7.8361,  1, 35.2597,  1
  45CE16011a, GN052S,  2016,   8, 20,  23,  43, 60.0008,  0.7552,   124,   118.0,  7.8274,  1, 35.2592,  1
  45CE16011a, GN052S,  2016,   8, 20,  23,  43, 60.0008,  0.7552,   124,   119.0,  7.8116,  1, 35.2586,  1
  45CE16011a, GN052S,  2016,   8, 20,  23,  43, 60.0008,  0.7552,   124,   120.0,  7.7891,  1, 35.2579,  1
  45CE16011a, GN052S,  2016,   8, 20,  23,  43, 60.0008,  0.7552,   124,   121.0,  7.7747,  1, 35.2571,  1
  45CE16011a, GN052S,  2016,   8, 20,  23,  43, 60.0008,  0.7552,   124,   122.0,  7.7611,  1, 35.2565,  1
  45CE16011a, GN052S,  2016,   8, 20,  23,  43, 60.0008,  0.7552,   124,   123.0,  7.7437,  1, 35.2557,  1
  45CE16011a, GN052S,  2016,   8, 20,  23,  43, 60.0008,  0.7552,   124,   124.0,  7.7345,  1, 35.2552,  1
  45CE16011a, GN052S,  2016,   8, 20,  23,  43, 60.0008,  0.7552,   124,   125.0,  7.7315,  1, 35.2548,  1
  45CE16011a, GN052S,  2016,   8, 20,  23,  43, 60.0008,  0.7552,   124,   126.0,  7.7349,  1, 35.2547,  1
  45CE16011a, GN052S,  2016,   8, 20,  23,  43, 60.0008,  0.7552,   124,   127.0,  7.7374,  1, 35.2546,  1
  45CE17013a, GN052S,  2017,   8, 27,  19,  59, 60.0000,  0.7525,   127,     0.0,     NaN,  1,     NaN,  1
  45CE17013a, GN052S,  2017,   8, 27,  19,  59, 60.0000,  0.7525,   127,     1.0,     NaN,  1,     NaN,  1
  45CE17013a, GN052S,  2017,   8, 27,  19,  59, 60.0000,  0.7525,   127,     2.0, 14.0507,  1, 35.1948,  1
  45CE17013a, GN052S,  2017,   8, 27,  19,  59, 60.0000,  0.7525,   127,     3.0, 14.0556,  1, 35.1950,  1
  45CE17013a, GN052S,  2017,   8, 27,  19,  59, 60.0000,  0.7525,   127,     4.0, 14.0576,  1, 35.1952,  1
  45CE17013a, GN052S,  2017,   8, 27,  19,  59, 60.0000,  0.7525,   127,     5.0, 14.0583,  1, 35.1952,  1
  45CE17013a, GN052S,  2017,   8, 27,  19,  59, 60.0000,  0.7525,   127,     6.0, 14.0581,  1, 35.1953,  1
  45CE17013a, GN052S,  2017,   8, 27,  19,  59, 60.0000,  0.7525,   127,     7.0, 14.0580,  1, 35.1953,  1
  45CE17013a, GN052S,  2017,   8, 27,  19,  59, 60.0000,  0.7525,   127,     8.0, 14.0571,  1, 35.1952,  1
  45CE17013a, GN052S,  2017,   8, 27,  19,  59, 60.0000,  0.7525,   127,     9.0, 14.0554,  1, 35.1952,  1
  45CE17013a, GN052S,  2017,   8, 27,  19,  59, 60.0000,  0.7525,   127,    10.0, 14.0567,  1, 35.1953,  1
  45CE17013a, GN052S,  2017,   8, 27,  19,  59, 60.0000,  0.7525,   127,    11.0, 14.0571,  1, 35.1952,  1
  45CE17013a, GN052S,  2017,   8, 27,  19,  59, 60.0000,  0.7525,   127,    12.0, 14.0468,  1, 35.1950,  1
  45CE17013a, GN052S,  2017,   8, 27,  19,  59, 60.0000,  0.7525,   127,    13.0, 14.0382,  1, 35.1948,  1
  45CE17013a, GN052S,  2017,   8, 27,  19,  59, 60.0000,  0.7525,   127,    14.0, 14.0324,  1, 35.1947,  1
  45CE17013a, GN052S,  2017,   8, 27,  19,  59, 60.0000,  0.7525,   127,    15.0, 14.0310,  1, 35.1946,  1
  45CE17013a, GN052S,  2017,   8, 27,  19,  59, 60.0000,  0.7525,   127,    16.0, 14.0299,  1, 35.1944,  1
  45CE17013a, GN052S,  2017,   8, 27,  19,  59, 60.0000,  0.7525,   127,    17.0, 14.0064,  1, 35.1941,  1
  45CE17013a, GN052S,  2017,   8, 27,  19,  59, 60.0000,  0.7525,   127,    18.0, 14.0000,  1, 35.1938,  1
  45CE17013a, GN052S,  2017,   8, 27,  19,  59, 60.0000,  0.7525,   127,    19.0, 13.9850,  1, 35.1934,  1
  45CE17013a, GN052S,  2017,   8, 27,  19,  59, 60.0000,  0.7525,   127,    20.0, 13.9705,  1, 35.1933,  1
  45CE17013a, GN052S,  2017,   8, 27,  19,  59, 60.0000,  0.7525,   127,    21.0, 13.9503,  1, 35.1929,  1
  45CE17013a, GN052S,  2017,   8, 27,  19,  59, 60.0000,  0.7525,   127,    22.0, 13.9322,  1, 35.1931,  1
  45CE17013a, GN052S,  2017,   8, 27,  19,  59, 60.0000,  0.7525,   127,    23.0, 13.9269,  1, 35.1933,  1
  45CE17013a, GN052S,  2017,   8, 27,  19,  59, 60.0000,  0.7525,   127,    24.0, 13.9224,  1, 35.1931,  1
  45CE17013a, GN052S,  2017,   8, 27,  19,  59, 60.0000,  0.7525,   127,    25.0, 13.9090,  1, 35.1936,  1
  45CE17013a, GN052S,  2017,   8, 27,  19,  59, 60.0000,  0.7525,   127,    26.0, 13.8767,  1, 35.1973,  1
  45CE17013a, GN052S,  2017,   8, 27,  19,  59, 60.0000,  0.7525,   127,    27.0, 13.8202,  1, 35.2055,  1
  45CE17013a, GN052S,  2017,   8, 27,  19,  59, 60.0000,  0.7525,   127,    28.0, 13.7386,  1, 35.2087,  1
  45CE17013a, GN052S,  2017,   8, 27,  19,  59, 60.0000,  0.7525,   127,    29.0, 13.6452,  1, 35.2121,  1
  45CE17013a, GN052S,  2017,   8, 27,  19,  59, 60.0000,  0.7525,   127,    30.0, 13.5271,  1, 35.2188,  1
  45CE17013a, GN052S,  2017,   8, 27,  19,  59, 60.0000,  0.7525,   127,    31.0, 13.3419,  1, 35.2279,  1
  45CE17013a, GN052S,  2017,   8, 27,  19,  59, 60.0000,  0.7525,   127,    32.0, 13.1174,  1, 35.2336,  1
  45CE17013a, GN052S,  2017,   8, 27,  19,  59, 60.0000,  0.7525,   127,    33.0, 12.6241,  1, 35.2470,  1
  45CE17013a, GN052S,  2017,   8, 27,  19,  59, 60.0000,  0.7525,   127,    34.0, 12.1331,  1, 35.2598,  1
  45CE17013a, GN052S,  2017,   8, 27,  19,  59, 60.0000,  0.7525,   127,    35.0, 11.6764,  1, 35.2672,  1
  45CE17013a, GN052S,  2017,   8, 27,  19,  59, 60.0000,  0.7525,   127,    36.0, 11.1601,  1, 35.2861,  1
  45CE17013a, GN052S,  2017,   8, 27,  19,  59, 60.0000,  0.7525,   127,    37.0, 10.7828,  1, 35.2975,  1
  45CE17013a, GN052S,  2017,   8, 27,  19,  59, 60.0000,  0.7525,   127,    38.0, 10.4449,  1, 35.2968,  1
  45CE17013a, GN052S,  2017,   8, 27,  19,  59, 60.0000,  0.7525,   127,    39.0, 10.1413,  1, 35.3017,  1
  45CE17013a, GN052S,  2017,   8, 27,  19,  59, 60.0000,  0.7525,   127,    40.0, 10.0256,  1, 35.3000,  1
  45CE17013a, GN052S,  2017,   8, 27,  19,  59, 60.0000,  0.7525,   127,    41.0,  9.8755,  1, 35.3012,  1
  45CE17013a, GN052S,  2017,   8, 27,  19,  59, 60.0000,  0.7525,   127,    42.0,  9.7137,  1, 35.2994,  1
  45CE17013a, GN052S,  2017,   8, 27,  19,  59, 60.0000,  0.7525,   127,    43.0,  9.6256,  1, 35.3007,  1
  45CE17013a, GN052S,  2017,   8, 27,  19,  59, 60.0000,  0.7525,   127,    44.0,  9.5825,  1, 35.3031,  1
  45CE17013a, GN052S,  2017,   8, 27,  19,  59, 60.0000,  0.7525,   127,    45.0,  9.5493,  1, 35.3027,  1
  45CE17013a, GN052S,  2017,   8, 27,  19,  59, 60.0000,  0.7525,   127,    46.0,  9.4977,  1, 35.3032,  1
  45CE17013a, GN052S,  2017,   8, 27,  19,  59, 60.0000,  0.7525,   127,    47.0,  9.4148,  1, 35.3067,  1
  45CE17013a, GN052S,  2017,   8, 27,  19,  59, 60.0000,  0.7525,   127,    48.0,  9.3450,  1, 35.3077,  1
  45CE17013a, GN052S,  2017,   8, 27,  19,  59, 60.0000,  0.7525,   127,    49.0,  9.3156,  1, 35.3074,  1
  45CE17013a, GN052S,  2017,   8, 27,  19,  59, 60.0000,  0.7525,   127,    50.0,  9.2876,  1, 35.3064,  1
  45CE17013a, GN052S,  2017,   8, 27,  19,  59, 60.0000,  0.7525,   127,    51.0,  9.2711,  1, 35.3053,  1
  45CE17013a, GN052S,  2017,   8, 27,  19,  59, 60.0000,  0.7525,   127,    52.0,  9.2648,  1, 35.3041,  1
  45CE17013a, GN052S,  2017,   8, 27,  19,  59, 60.0000,  0.7525,   127,    53.0,  9.2401,  1, 35.3032,  1
  45CE17013a, GN052S,  2017,   8, 27,  19,  59, 60.0000,  0.7525,   127,    54.0,  9.2169,  1, 35.3026,  1
  45CE17013a, GN052S,  2017,   8, 27,  19,  59, 60.0000,  0.7525,   127,    55.0,  9.2000,  1, 35.3025,  1
  45CE17013a, GN052S,  2017,   8, 27,  19,  59, 60.0000,  0.7525,   127,    56.0,  9.1831,  1, 35.3023,  1
  45CE17013a, GN052S,  2017,   8, 27,  19,  59, 60.0000,  0.7525,   127,    57.0,  9.1689,  1, 35.3019,  1
  45CE17013a, GN052S,  2017,   8, 27,  19,  59, 60.0000,  0.7525,   127,    58.0,  9.1558,  1, 35.3016,  1
  45CE17013a, GN052S,  2017,   8, 27,  19,  59, 60.0000,  0.7525,   127,    59.0,  9.1131,  1, 35.3015,  1
  45CE17013a, GN052S,  2017,   8, 27,  19,  59, 60.0000,  0.7525,   127,    60.0,  9.0607,  1, 35.2999,  1
  45CE17013a, GN052S,  2017,   8, 27,  19,  59, 60.0000,  0.7525,   127,    61.0,  9.0444,  1, 35.2981,  1
  45CE17013a, GN052S,  2017,   8, 27,  19,  59, 60.0000,  0.7525,   127,    62.0,  9.0112,  1, 35.2943,  1
  45CE17013a, GN052S,  2017,   8, 27,  19,  59, 60.0000,  0.7525,   127,    63.0,  8.9692,  1, 35.2915,  1
  45CE17013a, GN052S,  2017,   8, 27,  19,  59, 60.0000,  0.7525,   127,    64.0,  8.9307,  1, 35.2894,  1
  45CE17013a, GN052S,  2017,   8, 27,  19,  59, 60.0000,  0.7525,   127,    65.0,  8.9185,  1, 35.2883,  1
  45CE17013a, GN052S,  2017,   8, 27,  19,  59, 60.0000,  0.7525,   127,    66.0,  8.9126,  1, 35.2874,  1
  45CE17013a, GN052S,  2017,   8, 27,  19,  59, 60.0000,  0.7525,   127,    67.0,  8.9041,  1, 35.2863,  1
  45CE17013a, GN052S,  2017,   8, 27,  19,  59, 60.0000,  0.7525,   127,    68.0,  8.8946,  1, 35.2851,  1
  45CE17013a, GN052S,  2017,   8, 27,  19,  59, 60.0000,  0.7525,   127,    69.0,  8.8817,  1, 35.2833,  1
  45CE17013a, GN052S,  2017,   8, 27,  19,  59, 60.0000,  0.7525,   127,    70.0,  8.8312,  1, 35.2783,  1
  45CE17013a, GN052S,  2017,   8, 27,  19,  59, 60.0000,  0.7525,   127,    71.0,  8.7457,  1, 35.2717,  1
  45CE17013a, GN052S,  2017,   8, 27,  19,  59, 60.0000,  0.7525,   127,    72.0,  8.6495,  1, 35.2629,  1
  45CE17013a, GN052S,  2017,   8, 27,  19,  59, 60.0000,  0.7525,   127,    73.0,  8.5558,  1, 35.2552,  1
  45CE17013a, GN052S,  2017,   8, 27,  19,  59, 60.0000,  0.7525,   127,    74.0,  8.4870,  1, 35.2500,  1
  45CE17013a, GN052S,  2017,   8, 27,  19,  59, 60.0000,  0.7525,   127,    75.0,  8.4423,  1, 35.2461,  1
  45CE17013a, GN052S,  2017,   8, 27,  19,  59, 60.0000,  0.7525,   127,    76.0,  8.4099,  1, 35.2430,  1
  45CE17013a, GN052S,  2017,   8, 27,  19,  59, 60.0000,  0.7525,   127,    77.0,  8.4023,  1, 35.2420,  1
  45CE17013a, GN052S,  2017,   8, 27,  19,  59, 60.0000,  0.7525,   127,    78.0,  8.3999,  1, 35.2414,  1
  45CE17013a, GN052S,  2017,   8, 27,  19,  59, 60.0000,  0.7525,   127,    79.0,  8.3993,  1, 35.2410,  1
  45CE17013a, GN052S,  2017,   8, 27,  19,  59, 60.0000,  0.7525,   127,    80.0,  8.3994,  1, 35.2407,  1
  45CE17013a, GN052S,  2017,   8, 27,  19,  59, 60.0000,  0.7525,   127,    81.0,  8.3991,  1, 35.2405,  1
  45CE17013a, GN052S,  2017,   8, 27,  19,  59, 60.0000,  0.7525,   127,    82.0,  8.4004,  1, 35.2404,  1
  45CE17013a, GN052S,  2017,   8, 27,  19,  59, 60.0000,  0.7525,   127,    83.0,  8.4021,  1, 35.2406,  1
  45CE17013a, GN052S,  2017,   8, 27,  19,  59, 60.0000,  0.7525,   127,    84.0,  8.4027,  1, 35.2405,  1
  45CE17013a, GN052S,  2017,   8, 27,  19,  59, 60.0000,  0.7525,   127,    85.0,  8.4033,  1, 35.2406,  1
  45CE17013a, GN052S,  2017,   8, 27,  19,  59, 60.0000,  0.7525,   127,    86.0,  8.4035,  1, 35.2406,  1
  45CE17013a, GN052S,  2017,   8, 27,  19,  59, 60.0000,  0.7525,   127,    87.0,  8.4025,  1, 35.2404,  1
  45CE17013a, GN052S,  2017,   8, 27,  19,  59, 60.0000,  0.7525,   127,    88.0,  8.4013,  1, 35.2402,  1
  45CE17013a, GN052S,  2017,   8, 27,  19,  59, 60.0000,  0.7525,   127,    89.0,  8.4010,  1, 35.2400,  1
  45CE17013a, GN052S,  2017,   8, 27,  19,  59, 60.0000,  0.7525,   127,    90.0,  8.4009,  1, 35.2400,  1
  45CE17013a, GN052S,  2017,   8, 27,  19,  59, 60.0000,  0.7525,   127,    91.0,  8.3999,  1, 35.2398,  1
  45CE17013a, GN052S,  2017,   8, 27,  19,  59, 60.0000,  0.7525,   127,    92.0,  8.3985,  1, 35.2395,  1
  45CE17013a, GN052S,  2017,   8, 27,  19,  59, 60.0000,  0.7525,   127,    93.0,  8.3977,  1, 35.2396,  1
  45CE17013a, GN052S,  2017,   8, 27,  19,  59, 60.0000,  0.7525,   127,    94.0,  8.3975,  1, 35.2394,  1
  45CE17013a, GN052S,  2017,   8, 27,  19,  59, 60.0000,  0.7525,   127,    95.0,  8.3976,  1, 35.2394,  1
  45CE17013a, GN052S,  2017,   8, 27,  19,  59, 60.0000,  0.7525,   127,    96.0,  8.3972,  1, 35.2394,  1
  45CE17013a, GN052S,  2017,   8, 27,  19,  59, 60.0000,  0.7525,   127,    97.0,  8.3972,  1, 35.2395,  1
  45CE17013a, GN052S,  2017,   8, 27,  19,  59, 60.0000,  0.7525,   127,    98.0,  8.3978,  1, 35.2398,  1
  45CE17013a, GN052S,  2017,   8, 27,  19,  59, 60.0000,  0.7525,   127,    99.0,  8.3978,  1, 35.2397,  1
  45CE17013a, GN052S,  2017,   8, 27,  19,  59, 60.0000,  0.7525,   127,   100.0,  8.3984,  1, 35.2398,  1
  45CE17013a, GN052S,  2017,   8, 27,  19,  59, 60.0000,  0.7525,   127,   101.0,  8.3989,  1, 35.2401,  1
  45CE17013a, GN052S,  2017,   8, 27,  19,  59, 60.0000,  0.7525,   127,   102.0,  8.3992,  1, 35.2403,  1
  45CE17013a, GN052S,  2017,   8, 27,  19,  59, 60.0000,  0.7525,   127,   103.0,  8.3994,  1, 35.2403,  1
  45CE17013a, GN052S,  2017,   8, 27,  19,  59, 60.0000,  0.7525,   127,   104.0,  8.3996,  1, 35.2403,  1
  45CE17013a, GN052S,  2017,   8, 27,  19,  59, 60.0000,  0.7525,   127,   105.0,  8.3996,  1, 35.2403,  1
  45CE17013a, GN052S,  2017,   8, 27,  19,  59, 60.0000,  0.7525,   127,   106.0,  8.3996,  1, 35.2402,  1
  45CE17013a, GN052S,  2017,   8, 27,  19,  59, 60.0000,  0.7525,   127,   107.0,  8.3998,  1, 35.2402,  1
  45CE17013a, GN052S,  2017,   8, 27,  19,  59, 60.0000,  0.7525,   127,   108.0,  8.4024,  1, 35.2412,  1
  45CE17013a, GN052S,  2017,   8, 27,  19,  59, 60.0000,  0.7525,   127,   109.0,  8.4048,  1, 35.2418,  1
  45CE17013a, GN052S,  2017,   8, 27,  19,  59, 60.0000,  0.7525,   127,   110.0,  8.4064,  1, 35.2422,  1
  45CE17013a, GN052S,  2017,   8, 27,  19,  59, 60.0000,  0.7525,   127,   111.0,  8.4066,  1, 35.2422,  1
  45CE17013a, GN052S,  2017,   8, 27,  19,  59, 60.0000,  0.7525,   127,   112.0,  8.4068,  1, 35.2422,  1
  45CE17013a, GN052S,  2017,   8, 27,  19,  59, 60.0000,  0.7525,   127,   113.0,  8.4082,  1, 35.2428,  1
  45CE17013a, GN052S,  2017,   8, 27,  19,  59, 60.0000,  0.7525,   127,   114.0,  8.4088,  1, 35.2433,  1
  45CE17013a, GN052S,  2017,   8, 27,  19,  59, 60.0000,  0.7525,   127,   115.0,  8.4077,  1, 35.2433,  1
  45CE17013a, GN052S,  2017,   8, 27,  19,  59, 60.0000,  0.7525,   127,   116.0,  8.4079,  1, 35.2433,  1
  45CE17013a, GN052S,  2017,   8, 27,  19,  59, 60.0000,  0.7525,   127,   117.0,  8.4061,  1, 35.2430,  1
  45CE17013a, GN052S,  2017,   8, 27,  19,  59, 60.0000,  0.7525,   127,   118.0,  8.4018,  1, 35.2422,  1
  45CE17013a, GN052S,  2017,   8, 27,  19,  59, 60.0000,  0.7525,   127,   119.0,  8.3991,  1, 35.2418,  1
  45CE17013a, GN052S,  2017,   8, 27,  19,  59, 60.0000,  0.7525,   127,   120.0,  8.3992,  1, 35.2417,  1
  45CE17013a, GN052S,  2017,   8, 27,  19,  59, 60.0000,  0.7525,   127,   121.0,  8.4011,  1, 35.2420,  1
  45CE17013a, GN052S,  2017,   8, 27,  19,  59, 60.0000,  0.7525,   127,   122.0,  8.4021,  1, 35.2422,  1
  067I006-2/06A7006-2, GN052S,  2021,   7, 17,  16,  57, 59.9997,  0.7517,   128,     0.0,     NaN,  1,     NaN,  1
  067I006-2/06A7006-2, GN052S,  2021,   7, 17,  16,  57, 59.9997,  0.7517,   128,     1.0,     NaN,  1,     NaN,  1
  067I006-2/06A7006-2, GN052S,  2021,   7, 17,  16,  57, 59.9997,  0.7517,   128,     2.0,     NaN,  1,     NaN,  1
  067I006-2/06A7006-2, GN052S,  2021,   7, 17,  16,  57, 59.9997,  0.7517,   128,     3.0, 14.0110,  1, 34.9793,  1
  067I006-2/06A7006-2, GN052S,  2021,   7, 17,  16,  57, 59.9997,  0.7517,   128,     4.0, 14.0111,  1, 34.9796,  1
  067I006-2/06A7006-2, GN052S,  2021,   7, 17,  16,  57, 59.9997,  0.7517,   128,     5.0, 14.0102,  1, 34.9797,  1
  067I006-2/06A7006-2, GN052S,  2021,   7, 17,  16,  57, 59.9997,  0.7517,   128,     6.0, 14.0071,  1, 34.9797,  1
  067I006-2/06A7006-2, GN052S,  2021,   7, 17,  16,  57, 59.9997,  0.7517,   128,     7.0, 14.0090,  1, 34.9796,  1
  067I006-2/06A7006-2, GN052S,  2021,   7, 17,  16,  57, 59.9997,  0.7517,   128,     8.0, 14.0112,  1, 34.9796,  1
  067I006-2/06A7006-2, GN052S,  2021,   7, 17,  16,  57, 59.9997,  0.7517,   128,     9.0, 14.0124,  1, 34.9796,  1
  067I006-2/06A7006-2, GN052S,  2021,   7, 17,  16,  57, 59.9997,  0.7517,   128,    10.0, 14.0112,  1, 34.9798,  1
  067I006-2/06A7006-2, GN052S,  2021,   7, 17,  16,  57, 59.9997,  0.7517,   128,    11.0, 14.0106,  1, 34.9797,  1
  067I006-2/06A7006-2, GN052S,  2021,   7, 17,  16,  57, 59.9997,  0.7517,   128,    12.0, 14.0123,  1, 34.9798,  1
  067I006-2/06A7006-2, GN052S,  2021,   7, 17,  16,  57, 59.9997,  0.7517,   128,    13.0, 14.0125,  1, 34.9797,  1
  067I006-2/06A7006-2, GN052S,  2021,   7, 17,  16,  57, 59.9997,  0.7517,   128,    14.0, 14.0132,  1, 34.9796,  1
  067I006-2/06A7006-2, GN052S,  2021,   7, 17,  16,  57, 59.9997,  0.7517,   128,    15.0, 14.0062,  1, 34.9798,  1
  067I006-2/06A7006-2, GN052S,  2021,   7, 17,  16,  57, 59.9997,  0.7517,   128,    16.0, 14.0045,  1, 34.9793,  1
  067I006-2/06A7006-2, GN052S,  2021,   7, 17,  16,  57, 59.9997,  0.7517,   128,    17.0, 14.0059,  1, 34.9795,  1
  067I006-2/06A7006-2, GN052S,  2021,   7, 17,  16,  57, 59.9997,  0.7517,   128,    18.0, 14.0028,  1, 34.9798,  1
  067I006-2/06A7006-2, GN052S,  2021,   7, 17,  16,  57, 59.9997,  0.7517,   128,    19.0, 14.0028,  1, 34.9796,  1
  067I006-2/06A7006-2, GN052S,  2021,   7, 17,  16,  57, 59.9997,  0.7517,   128,    20.0, 13.9740,  1, 34.9793,  1
  067I006-2/06A7006-2, GN052S,  2021,   7, 17,  16,  57, 59.9997,  0.7517,   128,    21.0, 13.9485,  1, 34.9788,  1
  067I006-2/06A7006-2, GN052S,  2021,   7, 17,  16,  57, 59.9997,  0.7517,   128,    22.0, 13.6488,  1, 34.9766,  1
  067I006-2/06A7006-2, GN052S,  2021,   7, 17,  16,  57, 59.9997,  0.7517,   128,    23.0, 12.8846,  1, 34.9674,  1
  067I006-2/06A7006-2, GN052S,  2021,   7, 17,  16,  57, 59.9997,  0.7517,   128,    24.0, 12.2133,  1, 34.9978,  1
  067I006-2/06A7006-2, GN052S,  2021,   7, 17,  16,  57, 59.9997,  0.7517,   128,    25.0, 11.9047,  1, 34.9903,  1
  067I006-2/06A7006-2, GN052S,  2021,   7, 17,  16,  57, 59.9997,  0.7517,   128,    26.0, 11.2927,  1, 34.9525,  1
  067I006-2/06A7006-2, GN052S,  2021,   7, 17,  16,  57, 59.9997,  0.7517,   128,    27.0, 10.2976,  1, 34.9481,  1
  067I006-2/06A7006-2, GN052S,  2021,   7, 17,  16,  57, 59.9997,  0.7517,   128,    28.0,  9.8460,  1, 34.9709,  1
  067I006-2/06A7006-2, GN052S,  2021,   7, 17,  16,  57, 59.9997,  0.7517,   128,    29.0,  9.3517,  1, 34.9591,  1
  067I006-2/06A7006-2, GN052S,  2021,   7, 17,  16,  57, 59.9997,  0.7517,   128,    30.0,  9.2236,  1, 34.9542,  1
  067I006-2/06A7006-2, GN052S,  2021,   7, 17,  16,  57, 59.9997,  0.7517,   128,    31.0,  9.2090,  1, 34.9560,  1
  067I006-2/06A7006-2, GN052S,  2021,   7, 17,  16,  57, 59.9997,  0.7517,   128,    32.0,  9.1434,  1, 34.9559,  1
  067I006-2/06A7006-2, GN052S,  2021,   7, 17,  16,  57, 59.9997,  0.7517,   128,    33.0,  8.9051,  1, 34.9514,  1
  067I006-2/06A7006-2, GN052S,  2021,   7, 17,  16,  57, 59.9997,  0.7517,   128,    34.0,  8.6520,  1, 34.9591,  1
  067I006-2/06A7006-2, GN052S,  2021,   7, 17,  16,  57, 59.9997,  0.7517,   128,    35.0,  8.5859,  1, 34.9612,  1
  067I006-2/06A7006-2, GN052S,  2021,   7, 17,  16,  57, 59.9997,  0.7517,   128,    36.0,  8.5601,  1, 34.9619,  1
  067I006-2/06A7006-2, GN052S,  2021,   7, 17,  16,  57, 59.9997,  0.7517,   128,    37.0,  8.5540,  1, 34.9631,  1
  067I006-2/06A7006-2, GN052S,  2021,   7, 17,  16,  57, 59.9997,  0.7517,   128,    38.0,  8.5524,  1, 34.9635,  1
  067I006-2/06A7006-2, GN052S,  2021,   7, 17,  16,  57, 59.9997,  0.7517,   128,    39.0,  8.3511,  1, 34.9699,  1
  067I006-2/06A7006-2, GN052S,  2021,   7, 17,  16,  57, 59.9997,  0.7517,   128,    40.0,  8.0688,  1, 34.9729,  1
  067I006-2/06A7006-2, GN052S,  2021,   7, 17,  16,  57, 59.9997,  0.7517,   128,    41.0,  7.9720,  1, 34.9737,  1
  067I006-2/06A7006-2, GN052S,  2021,   7, 17,  16,  57, 59.9997,  0.7517,   128,    42.0,  7.9005,  1, 34.9737,  1
  067I006-2/06A7006-2, GN052S,  2021,   7, 17,  16,  57, 59.9997,  0.7517,   128,    43.0,  7.8887,  1, 34.9757,  1
  067I006-2/06A7006-2, GN052S,  2021,   7, 17,  16,  57, 59.9997,  0.7517,   128,    44.0,  7.8148,  1, 34.9812,  1
  067I006-2/06A7006-2, GN052S,  2021,   7, 17,  16,  57, 59.9997,  0.7517,   128,    45.0,  7.7275,  1, 34.9860,  1
  067I006-2/06A7006-2, GN052S,  2021,   7, 17,  16,  57, 59.9997,  0.7517,   128,    46.0,  7.6060,  1, 35.0008,  1
  067I006-2/06A7006-2, GN052S,  2021,   7, 17,  16,  57, 59.9997,  0.7517,   128,    47.0,  7.4719,  1, 35.0032,  1
  067I006-2/06A7006-2, GN052S,  2021,   7, 17,  16,  57, 59.9997,  0.7517,   128,    48.0,  7.4567,  1, 35.0019,  1
  067I006-2/06A7006-2, GN052S,  2021,   7, 17,  16,  57, 59.9997,  0.7517,   128,    49.0,  7.4464,  1, 35.0039,  1
  067I006-2/06A7006-2, GN052S,  2021,   7, 17,  16,  57, 59.9997,  0.7517,   128,    50.0,  7.4366,  1, 35.0053,  1
  067I006-2/06A7006-2, GN052S,  2021,   7, 17,  16,  57, 59.9997,  0.7517,   128,    51.0,  7.4127,  1, 35.0073,  1
  067I006-2/06A7006-2, GN052S,  2021,   7, 17,  16,  57, 59.9997,  0.7517,   128,    52.0,  7.3507,  1, 35.0083,  1
  067I006-2/06A7006-2, GN052S,  2021,   7, 17,  16,  57, 59.9997,  0.7517,   128,    53.0,  7.2671,  1, 35.0085,  1
  067I006-2/06A7006-2, GN052S,  2021,   7, 17,  16,  57, 59.9997,  0.7517,   128,    54.0,  7.1906,  1, 35.0072,  1
  067I006-2/06A7006-2, GN052S,  2021,   7, 17,  16,  57, 59.9997,  0.7517,   128,    55.0,  7.1476,  1, 35.0054,  1
  067I006-2/06A7006-2, GN052S,  2021,   7, 17,  16,  57, 59.9997,  0.7517,   128,    56.0,  7.1325,  1, 35.0070,  1
  067I006-2/06A7006-2, GN052S,  2021,   7, 17,  16,  57, 59.9997,  0.7517,   128,    57.0,  7.1172,  1, 35.0094,  1
  067I006-2/06A7006-2, GN052S,  2021,   7, 17,  16,  57, 59.9997,  0.7517,   128,    58.0,  7.1152,  1, 35.0106,  1
  067I006-2/06A7006-2, GN052S,  2021,   7, 17,  16,  57, 59.9997,  0.7517,   128,    59.0,  7.1128,  1, 35.0109,  1
  067I006-2/06A7006-2, GN052S,  2021,   7, 17,  16,  57, 59.9997,  0.7517,   128,    60.0,  7.1110,  1, 35.0112,  1
  067I006-2/06A7006-2, GN052S,  2021,   7, 17,  16,  57, 59.9997,  0.7517,   128,    61.0,  7.1099,  1, 35.0113,  1
  067I006-2/06A7006-2, GN052S,  2021,   7, 17,  16,  57, 59.9997,  0.7517,   128,    62.0,  7.1097,  1, 35.0112,  1
  067I006-2/06A7006-2, GN052S,  2021,   7, 17,  16,  57, 59.9997,  0.7517,   128,    63.0,  7.1091,  1, 35.0110,  1
  067I006-2/06A7006-2, GN052S,  2021,   7, 17,  16,  57, 59.9997,  0.7517,   128,    64.0,  7.1086,  1, 35.0110,  1
  067I006-2/06A7006-2, GN052S,  2021,   7, 17,  16,  57, 59.9997,  0.7517,   128,    65.0,  7.1085,  1, 35.0109,  1
  067I006-2/06A7006-2, GN052S,  2021,   7, 17,  16,  57, 59.9997,  0.7517,   128,    66.0,  7.1088,  1, 35.0108,  1
  067I006-2/06A7006-2, GN052S,  2021,   7, 17,  16,  57, 59.9997,  0.7517,   128,    67.0,  7.1089,  1, 35.0109,  1
  067I006-2/06A7006-2, GN052S,  2021,   7, 17,  16,  57, 59.9997,  0.7517,   128,    68.0,  7.1090,  1, 35.0109,  1
  067I006-2/06A7006-2, GN052S,  2021,   7, 17,  16,  57, 59.9997,  0.7517,   128,    69.0,  7.1090,  1, 35.0108,  1
  067I006-2/06A7006-2, GN052S,  2021,   7, 17,  16,  57, 59.9997,  0.7517,   128,    70.0,  7.1092,  1, 35.0105,  1
  067I006-2/06A7006-2, GN052S,  2021,   7, 17,  16,  57, 59.9997,  0.7517,   128,    71.0,  7.1093,  1, 35.0106,  1
  067I006-2/06A7006-2, GN052S,  2021,   7, 17,  16,  57, 59.9997,  0.7517,   128,    72.0,  7.1093,  1, 35.0106,  1
  067I006-2/06A7006-2, GN052S,  2021,   7, 17,  16,  57, 59.9997,  0.7517,   128,    73.0,  7.1095,  1, 35.0108,  1
  067I006-2/06A7006-2, GN052S,  2021,   7, 17,  16,  57, 59.9997,  0.7517,   128,    74.0,  7.1099,  1, 35.0106,  1
  067I006-2/06A7006-2, GN052S,  2021,   7, 17,  16,  57, 59.9997,  0.7517,   128,    75.0,  7.1102,  1, 35.0105,  1
  067I006-2/06A7006-2, GN052S,  2021,   7, 17,  16,  57, 59.9997,  0.7517,   128,    76.0,  7.1102,  1, 35.0105,  1
  067I006-2/06A7006-2, GN052S,  2021,   7, 17,  16,  57, 59.9997,  0.7517,   128,    77.0,  7.1104,  1, 35.0107,  1
  067I006-2/06A7006-2, GN052S,  2021,   7, 17,  16,  57, 59.9997,  0.7517,   128,    78.0,  7.1107,  1, 35.0106,  1
  067I006-2/06A7006-2, GN052S,  2021,   7, 17,  16,  57, 59.9997,  0.7517,   128,    79.0,  7.1117,  1, 35.0106,  1
  067I006-2/06A7006-2, GN052S,  2021,   7, 17,  16,  57, 59.9997,  0.7517,   128,    80.0,  7.1126,  1, 35.0110,  1
  067I006-2/06A7006-2, GN052S,  2021,   7, 17,  16,  57, 59.9997,  0.7517,   128,    81.0,  7.1129,  1, 35.0111,  1
  067I006-2/06A7006-2, GN052S,  2021,   7, 17,  16,  57, 59.9997,  0.7517,   128,    82.0,  7.1136,  1, 35.0111,  1
  067I006-2/06A7006-2, GN052S,  2021,   7, 17,  16,  57, 59.9997,  0.7517,   128,    83.0,  7.1142,  1, 35.0111,  1
  067I006-2/06A7006-2, GN052S,  2021,   7, 17,  16,  57, 59.9997,  0.7517,   128,    84.0,  7.1149,  1, 35.0112,  1
  067I006-2/06A7006-2, GN052S,  2021,   7, 17,  16,  57, 59.9997,  0.7517,   128,    85.0,  7.1160,  1, 35.0115,  1
  067I006-2/06A7006-2, GN052S,  2021,   7, 17,  16,  57, 59.9997,  0.7517,   128,    86.0,  7.1184,  1, 35.0121,  1
  067I006-2/06A7006-2, GN052S,  2021,   7, 17,  16,  57, 59.9997,  0.7517,   128,    87.0,  7.1210,  1, 35.0128,  1
  067I006-2/06A7006-2, GN052S,  2021,   7, 17,  16,  57, 59.9997,  0.7517,   128,    88.0,  7.1237,  1, 35.0136,  1
  067I006-2/06A7006-2, GN052S,  2021,   7, 17,  16,  57, 59.9997,  0.7517,   128,    89.0,  7.1250,  1, 35.0138,  1
  067I006-2/06A7006-2, GN052S,  2021,   7, 17,  16,  57, 59.9997,  0.7517,   128,    90.0,  7.1266,  1, 35.0141,  1
  067I006-2/06A7006-2, GN052S,  2021,   7, 17,  16,  57, 59.9997,  0.7517,   128,    91.0,  7.1264,  1, 35.0142,  1
  067I006-2/06A7006-2, GN052S,  2021,   7, 17,  16,  57, 59.9997,  0.7517,   128,    92.0,  7.1275,  1, 35.0145,  1
  067I006-2/06A7006-2, GN052S,  2021,   7, 17,  16,  57, 59.9997,  0.7517,   128,    93.0,  7.1280,  1, 35.0144,  1
  067I006-2/06A7006-2, GN052S,  2021,   7, 17,  16,  57, 59.9997,  0.7517,   128,    94.0,  7.1289,  1, 35.0146,  1
  067I006-2/06A7006-2, GN052S,  2021,   7, 17,  16,  57, 59.9997,  0.7517,   128,    95.0,  7.1291,  1, 35.0148,  1
  067I006-2/06A7006-2, GN052S,  2021,   7, 17,  16,  57, 59.9997,  0.7517,   128,    96.0,  7.1296,  1, 35.0147,  1
  067I006-2/06A7006-2, GN052S,  2021,   7, 17,  16,  57, 59.9997,  0.7517,   128,    97.0,  7.1298,  1, 35.0149,  1
  067I006-2/06A7006-2, GN052S,  2021,   7, 17,  16,  57, 59.9997,  0.7517,   128,    98.0,  7.1311,  1, 35.0152,  1
  067I006-2/06A7006-2, GN052S,  2021,   7, 17,  16,  57, 59.9997,  0.7517,   128,    99.0,  7.1326,  1, 35.0157,  1
  067I006-2/06A7006-2, GN052S,  2021,   7, 17,  16,  57, 59.9997,  0.7517,   128,   100.0,  7.1327,  1, 35.0156,  1
  067I006-2/06A7006-2, GN052S,  2021,   7, 17,  16,  57, 59.9997,  0.7517,   128,   101.0,  7.1339,  1, 35.0161,  1
  067I006-2/06A7006-2, GN052S,  2021,   7, 17,  16,  57, 59.9997,  0.7517,   128,   102.0,  7.1354,  1, 35.0164,  1
  067I006-2/06A7006-2, GN052S,  2021,   7, 17,  16,  57, 59.9997,  0.7517,   128,   103.0,  7.1570,  1, 35.0225,  1
  067I006-2/06A7006-2, GN052S,  2021,   7, 17,  16,  57, 59.9997,  0.7517,   128,   104.0,  7.1626,  1, 35.0240,  1
  067I006-2/06A7006-2, GN052S,  2021,   7, 17,  16,  57, 59.9997,  0.7517,   128,   105.0,  7.1632,  1, 35.0242,  1
  067I006-2/06A7006-2, GN052S,  2021,   7, 17,  16,  57, 59.9997,  0.7517,   128,   106.0,  7.1666,  1, 35.0254,  1
  067I006-2/06A7006-2, GN052S,  2021,   7, 17,  16,  57, 59.9997,  0.7517,   128,   107.0,  7.1679,  1, 35.0255,  1
  067I006-2/06A7006-2, GN052S,  2021,   7, 17,  16,  57, 59.9997,  0.7517,   128,   108.0,  7.1733,  1, 35.0270,  1
  067I006-2/06A7006-2, GN052S,  2021,   7, 17,  16,  57, 59.9997,  0.7517,   128,   109.0,  7.1856,  1, 35.0302,  1
  067I006-2/06A7006-2, GN052S,  2021,   7, 17,  16,  57, 59.9997,  0.7517,   128,   110.0,  7.1927,  1, 35.0325,  1
  067I006-2/06A7006-2, GN052S,  2021,   7, 17,  16,  57, 59.9997,  0.7517,   128,   111.0,  7.1930,  1, 35.0323,  1
  067I006-2/06A7006-2, GN052S,  2021,   7, 17,  16,  57, 59.9997,  0.7517,   128,   112.0,  7.1903,  1, 35.0314,  1
  067I006-2/06A7006-2, GN052S,  2021,   7, 17,  16,  57, 59.9997,  0.7517,   128,   113.0,  7.1943,  1, 35.0327,  1
  067I006-2/06A7006-2, GN052S,  2021,   7, 17,  16,  57, 59.9997,  0.7517,   128,   114.0,  7.1961,  1, 35.0331,  1
  067I006-2/06A7006-2, GN052S,  2021,   7, 17,  16,  57, 59.9997,  0.7517,   128,   115.0,  7.1992,  1, 35.0339,  1
  067I006-2/06A7006-2, GN052S,  2021,   7, 17,  16,  57, 59.9997,  0.7517,   128,   116.0,  7.2035,  1, 35.0353,  1
  067I006-2/06A7006-2, GN052S,  2021,   7, 17,  16,  57, 59.9997,  0.7517,   128,   117.0,  7.2193,  1, 35.0403,  1
  067I006-2/06A7006-2, GN052S,  2021,   7, 17,  16,  57, 59.9997,  0.7517,   128,   118.0,  7.2326,  1, 35.0435,  1
  067I006-2/06A7006-2, GN052S,  2021,   7, 17,  16,  57, 59.9997,  0.7517,   128,   119.0,  7.2443,  1, 35.0476,  1
  067I006-2/06A7006-2, GN052S,  2021,   7, 17,  16,  57, 59.9997,  0.7517,   128,   120.0,  7.2597,  1, 35.0510,  1
  067I006-2/06A7006-2, GN052S,  2021,   7, 17,  16,  57, 59.9997,  0.7517,   128,   121.0,  7.2526,  1, 35.0484,  1
  067I006-2/06A7006-2, GN052S,  2021,   7, 17,  16,  57, 59.9997,  0.7517,   128,   122.0,  7.2447,  1, 35.0464,  1
  067I006-2/06A7006-2, GN052S,  2021,   7, 17,  16,  57, 59.9997,  0.7517,   128,   123.0,  7.2692,  1, 35.0533,  1
  067I013-1, GN052S,  2022,   8,  8,  16,  41, 60.0003,  0.7512,   128,     0.0,     NaN,  1,     NaN,  1
  067I013-1, GN052S,  2022,   8,  8,  16,  41, 60.0003,  0.7512,   128,     1.0,     NaN,  1,     NaN,  1
  067I013-1, GN052S,  2022,   8,  8,  16,  41, 60.0003,  0.7512,   128,     2.0, 13.6318,  1, 35.1788,  1
  067I013-1, GN052S,  2022,   8,  8,  16,  41, 60.0003,  0.7512,   128,     3.0, 13.6303,  1, 35.1793,  1
  067I013-1, GN052S,  2022,   8,  8,  16,  41, 60.0003,  0.7512,   128,     4.0, 13.6296,  1, 35.1794,  1
  067I013-1, GN052S,  2022,   8,  8,  16,  41, 60.0003,  0.7512,   128,     5.0, 13.6297,  1, 35.1797,  1
  067I013-1, GN052S,  2022,   8,  8,  16,  41, 60.0003,  0.7512,   128,     6.0, 13.6300,  1, 35.1797,  1
  067I013-1, GN052S,  2022,   8,  8,  16,  41, 60.0003,  0.7512,   128,     7.0, 13.6292,  1, 35.1796,  1
  067I013-1, GN052S,  2022,   8,  8,  16,  41, 60.0003,  0.7512,   128,     8.0, 13.6298,  1, 35.1797,  1
  067I013-1, GN052S,  2022,   8,  8,  16,  41, 60.0003,  0.7512,   128,     9.0, 13.6311,  1, 35.1795,  1
  067I013-1, GN052S,  2022,   8,  8,  16,  41, 60.0003,  0.7512,   128,    10.0, 13.6263,  1, 35.1797,  1
  067I013-1, GN052S,  2022,   8,  8,  16,  41, 60.0003,  0.7512,   128,    11.0, 13.6258,  1, 35.1800,  1
  067I013-1, GN052S,  2022,   8,  8,  16,  41, 60.0003,  0.7512,   128,    12.0, 13.6249,  1, 35.1801,  1
  067I013-1, GN052S,  2022,   8,  8,  16,  41, 60.0003,  0.7512,   128,    13.0, 13.6171,  1, 35.1806,  1
  067I013-1, GN052S,  2022,   8,  8,  16,  41, 60.0003,  0.7512,   128,    14.0, 13.6128,  1, 35.1808,  1
  067I013-1, GN052S,  2022,   8,  8,  16,  41, 60.0003,  0.7512,   128,    15.0, 13.6117,  1, 35.1814,  1
  067I013-1, GN052S,  2022,   8,  8,  16,  41, 60.0003,  0.7512,   128,    16.0, 13.6097,  1, 35.1815,  1
  067I013-1, GN052S,  2022,   8,  8,  16,  41, 60.0003,  0.7512,   128,    17.0, 13.6062,  1, 35.1820,  1
  067I013-1, GN052S,  2022,   8,  8,  16,  41, 60.0003,  0.7512,   128,    18.0, 13.6008,  1, 35.1824,  1
  067I013-1, GN052S,  2022,   8,  8,  16,  41, 60.0003,  0.7512,   128,    19.0, 13.5963,  1, 35.1825,  1
  067I013-1, GN052S,  2022,   8,  8,  16,  41, 60.0003,  0.7512,   128,    20.0, 13.5866,  1, 35.1831,  1
  067I013-1, GN052S,  2022,   8,  8,  16,  41, 60.0003,  0.7512,   128,    21.0, 13.5860,  1, 35.1832,  1
  067I013-1, GN052S,  2022,   8,  8,  16,  41, 60.0003,  0.7512,   128,    22.0, 13.5801,  1, 35.1830,  1
  067I013-1, GN052S,  2022,   8,  8,  16,  41, 60.0003,  0.7512,   128,    23.0, 13.5733,  1, 35.1833,  1
  067I013-1, GN052S,  2022,   8,  8,  16,  41, 60.0003,  0.7512,   128,    24.0, 13.5573,  1, 35.1837,  1
  067I013-1, GN052S,  2022,   8,  8,  16,  41, 60.0003,  0.7512,   128,    25.0, 13.5428,  1, 35.1839,  1
  067I013-1, GN052S,  2022,   8,  8,  16,  41, 60.0003,  0.7512,   128,    26.0, 13.5186,  1, 35.1848,  1
  067I013-1, GN052S,  2022,   8,  8,  16,  41, 60.0003,  0.7512,   128,    27.0, 13.4994,  1, 35.1858,  1
  067I013-1, GN052S,  2022,   8,  8,  16,  41, 60.0003,  0.7512,   128,    28.0, 13.4898,  1, 35.1863,  1
  067I013-1, GN052S,  2022,   8,  8,  16,  41, 60.0003,  0.7512,   128,    29.0, 13.4810,  1, 35.1873,  1
  067I013-1, GN052S,  2022,   8,  8,  16,  41, 60.0003,  0.7512,   128,    30.0, 13.4644,  1, 35.1886,  1
  067I013-1, GN052S,  2022,   8,  8,  16,  41, 60.0003,  0.7512,   128,    31.0, 13.4328,  1, 35.1911,  1
  067I013-1, GN052S,  2022,   8,  8,  16,  41, 60.0003,  0.7512,   128,    32.0, 13.3765,  1, 35.1949,  1
  067I013-1, GN052S,  2022,   8,  8,  16,  41, 60.0003,  0.7512,   128,    33.0, 13.2944,  1, 35.1985,  1
  067I013-1, GN052S,  2022,   8,  8,  16,  41, 60.0003,  0.7512,   128,    34.0, 13.1480,  1, 35.2055,  1
  067I013-1, GN052S,  2022,   8,  8,  16,  41, 60.0003,  0.7512,   128,    35.0, 12.8733,  1, 35.2177,  1
  067I013-1, GN052S,  2022,   8,  8,  16,  41, 60.0003,  0.7512,   128,    36.0, 12.2988,  1, 35.2288,  1
  067I013-1, GN052S,  2022,   8,  8,  16,  41, 60.0003,  0.7512,   128,    37.0, 11.8633,  1, 35.2420,  1
  067I013-1, GN052S,  2022,   8,  8,  16,  41, 60.0003,  0.7512,   128,    38.0, 11.4358,  1, 35.2529,  1
  067I013-1, GN052S,  2022,   8,  8,  16,  41, 60.0003,  0.7512,   128,    39.0, 11.1175,  1, 35.2575,  1
  067I013-1, GN052S,  2022,   8,  8,  16,  41, 60.0003,  0.7512,   128,    40.0, 10.8360,  1, 35.2640,  1
  067I013-1, GN052S,  2022,   8,  8,  16,  41, 60.0003,  0.7512,   128,    41.0, 10.6474,  1, 35.2694,  1
  067I013-1, GN052S,  2022,   8,  8,  16,  41, 60.0003,  0.7512,   128,    42.0, 10.3917,  1, 35.2756,  1
  067I013-1, GN052S,  2022,   8,  8,  16,  41, 60.0003,  0.7512,   128,    43.0, 10.2498,  1, 35.2786,  1
  067I013-1, GN052S,  2022,   8,  8,  16,  41, 60.0003,  0.7512,   128,    44.0, 10.1651,  1, 35.2835,  1
  067I013-1, GN052S,  2022,   8,  8,  16,  41, 60.0003,  0.7512,   128,    45.0, 10.0928,  1, 35.2856,  1
  067I013-1, GN052S,  2022,   8,  8,  16,  41, 60.0003,  0.7512,   128,    46.0, 10.0198,  1, 35.2892,  1
  067I013-1, GN052S,  2022,   8,  8,  16,  41, 60.0003,  0.7512,   128,    47.0,  9.8534,  1, 35.2886,  1
  067I013-1, GN052S,  2022,   8,  8,  16,  41, 60.0003,  0.7512,   128,    48.0,  9.6775,  1, 35.2917,  1
  067I013-1, GN052S,  2022,   8,  8,  16,  41, 60.0003,  0.7512,   128,    49.0,  9.5748,  1, 35.2896,  1
  067I013-1, GN052S,  2022,   8,  8,  16,  41, 60.0003,  0.7512,   128,    50.0,  9.5273,  1, 35.2866,  1
  067I013-1, GN052S,  2022,   8,  8,  16,  41, 60.0003,  0.7512,   128,    51.0,  9.4185,  1, 35.2806,  1
  067I013-1, GN052S,  2022,   8,  8,  16,  41, 60.0003,  0.7512,   128,    52.0,  9.3293,  1, 35.2791,  1
  067I013-1, GN052S,  2022,   8,  8,  16,  41, 60.0003,  0.7512,   128,    53.0,  9.2373,  1, 35.2733,  1
  067I013-1, GN052S,  2022,   8,  8,  16,  41, 60.0003,  0.7512,   128,    54.0,  9.1587,  1, 35.2736,  1
  067I013-1, GN052S,  2022,   8,  8,  16,  41, 60.0003,  0.7512,   128,    55.0,  9.0993,  1, 35.2760,  1
  067I013-1, GN052S,  2022,   8,  8,  16,  41, 60.0003,  0.7512,   128,    56.0,  9.0517,  1, 35.2752,  1
  067I013-1, GN052S,  2022,   8,  8,  16,  41, 60.0003,  0.7512,   128,    57.0,  8.9775,  1, 35.2736,  1
  067I013-1, GN052S,  2022,   8,  8,  16,  41, 60.0003,  0.7512,   128,    58.0,  8.8689,  1, 35.2685,  1
  067I013-1, GN052S,  2022,   8,  8,  16,  41, 60.0003,  0.7512,   128,    59.0,  8.8144,  1, 35.2744,  1
  067I013-1, GN052S,  2022,   8,  8,  16,  41, 60.0003,  0.7512,   128,    60.0,  8.8039,  1, 35.2793,  1
  067I013-1, GN052S,  2022,   8,  8,  16,  41, 60.0003,  0.7512,   128,    61.0,  8.7515,  1, 35.2791,  1
  067I013-1, GN052S,  2022,   8,  8,  16,  41, 60.0003,  0.7512,   128,    62.0,  8.6838,  1, 35.2744,  1
  067I013-1, GN052S,  2022,   8,  8,  16,  41, 60.0003,  0.7512,   128,    63.0,  8.6501,  1, 35.2727,  1
  067I013-1, GN052S,  2022,   8,  8,  16,  41, 60.0003,  0.7512,   128,    64.0,  8.6105,  1, 35.2678,  1
  067I013-1, GN052S,  2022,   8,  8,  16,  41, 60.0003,  0.7512,   128,    65.0,  8.5507,  1, 35.2654,  1
  067I013-1, GN052S,  2022,   8,  8,  16,  41, 60.0003,  0.7512,   128,    66.0,  8.5051,  1, 35.2627,  1
  067I013-1, GN052S,  2022,   8,  8,  16,  41, 60.0003,  0.7512,   128,    67.0,  8.4241,  1, 35.2525,  1
  067I013-1, GN052S,  2022,   8,  8,  16,  41, 60.0003,  0.7512,   128,    68.0,  8.3543,  1, 35.2434,  1
  067I013-1, GN052S,  2022,   8,  8,  16,  41, 60.0003,  0.7512,   128,    69.0,  8.3036,  1, 35.2378,  1
  067I013-1, GN052S,  2022,   8,  8,  16,  41, 60.0003,  0.7512,   128,    70.0,  8.2796,  1, 35.2355,  1
  067I013-1, GN052S,  2022,   8,  8,  16,  41, 60.0003,  0.7512,   128,    71.0,  8.2466,  1, 35.2340,  1
  067I013-1, GN052S,  2022,   8,  8,  16,  41, 60.0003,  0.7512,   128,    72.0,  8.2096,  1, 35.2300,  1
  067I013-1, GN052S,  2022,   8,  8,  16,  41, 60.0003,  0.7512,   128,    73.0,  8.1537,  1, 35.2246,  1
  067I013-1, GN052S,  2022,   8,  8,  16,  41, 60.0003,  0.7512,   128,    74.0,  8.1341,  1, 35.2233,  1
  067I013-1, GN052S,  2022,   8,  8,  16,  41, 60.0003,  0.7512,   128,    75.0,  8.1029,  1, 35.2200,  1
  067I013-1, GN052S,  2022,   8,  8,  16,  41, 60.0003,  0.7512,   128,    76.0,  8.0557,  1, 35.2132,  1
  067I013-1, GN052S,  2022,   8,  8,  16,  41, 60.0003,  0.7512,   128,    77.0,  8.0060,  1, 35.2089,  1
  067I013-1, GN052S,  2022,   8,  8,  16,  41, 60.0003,  0.7512,   128,    78.0,  7.9836,  1, 35.2067,  1
  067I013-1, GN052S,  2022,   8,  8,  16,  41, 60.0003,  0.7512,   128,    79.0,  7.9810,  1, 35.2065,  1
  067I013-1, GN052S,  2022,   8,  8,  16,  41, 60.0003,  0.7512,   128,    80.0,  7.9710,  1, 35.2053,  1
  067I013-1, GN052S,  2022,   8,  8,  16,  41, 60.0003,  0.7512,   128,    81.0,  7.9566,  1, 35.2037,  1
  067I013-1, GN052S,  2022,   8,  8,  16,  41, 60.0003,  0.7512,   128,    82.0,  7.9420,  1, 35.2024,  1
  067I013-1, GN052S,  2022,   8,  8,  16,  41, 60.0003,  0.7512,   128,    83.0,  7.9322,  1, 35.2014,  1
  067I013-1, GN052S,  2022,   8,  8,  16,  41, 60.0003,  0.7512,   128,    84.0,  7.9210,  1, 35.2003,  1
  067I013-1, GN052S,  2022,   8,  8,  16,  41, 60.0003,  0.7512,   128,    85.0,  7.9170,  1, 35.1999,  1
  067I013-1, GN052S,  2022,   8,  8,  16,  41, 60.0003,  0.7512,   128,    86.0,  7.9136,  1, 35.1995,  1
  067I013-1, GN052S,  2022,   8,  8,  16,  41, 60.0003,  0.7512,   128,    87.0,  7.9017,  1, 35.1975,  1
  067I013-1, GN052S,  2022,   8,  8,  16,  41, 60.0003,  0.7512,   128,    88.0,  7.8773,  1, 35.1947,  1
  067I013-1, GN052S,  2022,   8,  8,  16,  41, 60.0003,  0.7512,   128,    89.0,  7.8606,  1, 35.1929,  1
  067I013-1, GN052S,  2022,   8,  8,  16,  41, 60.0003,  0.7512,   128,    90.0,  7.8580,  1, 35.1927,  1
  067I013-1, GN052S,  2022,   8,  8,  16,  41, 60.0003,  0.7512,   128,    91.0,  7.8578,  1, 35.1928,  1
  067I013-1, GN052S,  2022,   8,  8,  16,  41, 60.0003,  0.7512,   128,    92.0,  7.8583,  1, 35.1929,  1
  067I013-1, GN052S,  2022,   8,  8,  16,  41, 60.0003,  0.7512,   128,    93.0,  7.8589,  1, 35.1930,  1
  067I013-1, GN052S,  2022,   8,  8,  16,  41, 60.0003,  0.7512,   128,    94.0,  7.8590,  1, 35.1930,  1
  067I013-1, GN052S,  2022,   8,  8,  16,  41, 60.0003,  0.7512,   128,    95.0,  7.8599,  1, 35.1933,  1
  067I013-1, GN052S,  2022,   8,  8,  16,  41, 60.0003,  0.7512,   128,    96.0,  7.8599,  1, 35.1933,  1
  067I013-1, GN052S,  2022,   8,  8,  16,  41, 60.0003,  0.7512,   128,    97.0,  7.8606,  1, 35.1935,  1
  067I013-1, GN052S,  2022,   8,  8,  16,  41, 60.0003,  0.7512,   128,    98.0,  7.8622,  1, 35.1938,  1
  067I013-1, GN052S,  2022,   8,  8,  16,  41, 60.0003,  0.7512,   128,    99.0,  7.8630,  1, 35.1938,  1
  067I013-1, GN052S,  2022,   8,  8,  16,  41, 60.0003,  0.7512,   128,   100.0,  7.8639,  1, 35.1940,  1
  067I013-1, GN052S,  2022,   8,  8,  16,  41, 60.0003,  0.7512,   128,   101.0,  7.8641,  1, 35.1944,  1
  067I013-1, GN052S,  2022,   8,  8,  16,  41, 60.0003,  0.7512,   128,   102.0,  7.8609,  1, 35.1946,  1
  067I013-1, GN052S,  2022,   8,  8,  16,  41, 60.0003,  0.7512,   128,   103.0,  7.8585,  1, 35.1943,  1
  067I013-1, GN052S,  2022,   8,  8,  16,  41, 60.0003,  0.7512,   128,   104.0,  7.8542,  1, 35.1938,  1
  067I013-1, GN052S,  2022,   8,  8,  16,  41, 60.0003,  0.7512,   128,   105.0,  7.8516,  1, 35.1937,  1
  067I013-1, GN052S,  2022,   8,  8,  16,  41, 60.0003,  0.7512,   128,   106.0,  7.8478,  1, 35.1935,  1
  067I013-1, GN052S,  2022,   8,  8,  16,  41, 60.0003,  0.7512,   128,   107.0,  7.8435,  1, 35.1934,  1
  067I013-1, GN052S,  2022,   8,  8,  16,  41, 60.0003,  0.7512,   128,   108.0,  7.8294,  1, 35.1928,  1
  067I013-1, GN052S,  2022,   8,  8,  16,  41, 60.0003,  0.7512,   128,   109.0,  7.8013,  1, 35.1908,  1
  067I013-1, GN052S,  2022,   8,  8,  16,  41, 60.0003,  0.7512,   128,   110.0,  7.7229,  1, 35.1863,  1
  067I013-1, GN052S,  2022,   8,  8,  16,  41, 60.0003,  0.7512,   128,   111.0,  7.6563,  1, 35.1826,  1
  067I013-1, GN052S,  2022,   8,  8,  16,  41, 60.0003,  0.7512,   128,   112.0,  7.6338,  1, 35.1817,  1
  067I013-1, GN052S,  2022,   8,  8,  16,  41, 60.0003,  0.7512,   128,   113.0,  7.6359,  1, 35.1822,  1
  067I013-1, GN052S,  2022,   8,  8,  16,  41, 60.0003,  0.7512,   128,   114.0,  7.6353,  1, 35.1824,  1
  067I013-1, GN052S,  2022,   8,  8,  16,  41, 60.0003,  0.7512,   128,   115.0,  7.6277,  1, 35.1822,  1
  067I013-1, GN052S,  2022,   8,  8,  16,  41, 60.0003,  0.7512,   128,   116.0,  7.6267,  1, 35.1825,  1
  067I013-1, GN052S,  2022,   8,  8,  16,  41, 60.0003,  0.7512,   128,   117.0,  7.6278,  1, 35.1824,  1
  067I013-1, GN052S,  2022,   8,  8,  16,  41, 60.0003,  0.7512,   128,   118.0,  7.6261,  1, 35.1826,  1
  067I013-1, GN052S,  2022,   8,  8,  16,  41, 60.0003,  0.7512,   128,   119.0,  7.6244,  1, 35.1827,  1
  067I013-1, GN052S,  2022,   8,  8,  16,  41, 60.0003,  0.7512,   128,   120.0,  7.6226,  1, 35.1828,  1
  067I013-1, GN052S,  2022,   8,  8,  16,  41, 60.0003,  0.7512,   128,   121.0,  7.6226,  1, 35.1828,  1
  067I013-1, GN052S,  2022,   8,  8,  16,  41, 60.0003,  0.7512,   128,   122.0,  7.6223,  1, 35.1827,  1
  067I013-1, GN052S,  2022,   8,  8,  16,  41, 60.0003,  0.7512,   128,   123.0,  7.6224,  1, 35.1824,  1
  067I0121-1, GN052B,  2023,   8,  6,   8,   1, 60.0000,  0.1252,   149,     0.0,     NaN,  1,     NaN,  1
  067I0121-1, GN052B,  2023,   8,  6,   8,   1, 60.0000,  0.1252,   149,     1.0,     NaN,  1,     NaN,  1
  067I0121-1, GN052B,  2023,   8,  6,   8,   1, 60.0000,  0.1252,   149,     2.0, 14.3261,  1, 35.1540,  1
  067I0121-1, GN052B,  2023,   8,  6,   8,   1, 60.0000,  0.1252,   149,     3.0, 14.3262,  1, 35.1540,  1
  067I0121-1, GN052B,  2023,   8,  6,   8,   1, 60.0000,  0.1252,   149,     4.0, 14.3262,  1, 35.1540,  1
  067I0121-1, GN052B,  2023,   8,  6,   8,   1, 60.0000,  0.1252,   149,     5.0, 14.3269,  1, 35.1540,  1
  067I0121-1, GN052B,  2023,   8,  6,   8,   1, 60.0000,  0.1252,   149,     6.0, 14.3274,  1, 35.1540,  1
  067I0121-1, GN052B,  2023,   8,  6,   8,   1, 60.0000,  0.1252,   149,     7.0, 14.3257,  1, 35.1540,  1
  067I0121-1, GN052B,  2023,   8,  6,   8,   1, 60.0000,  0.1252,   149,     8.0, 14.3211,  1, 35.1540,  1
  067I0121-1, GN052B,  2023,   8,  6,   8,   1, 60.0000,  0.1252,   149,     9.0, 14.3192,  1, 35.1530,  1
  067I0121-1, GN052B,  2023,   8,  6,   8,   1, 60.0000,  0.1252,   149,    10.0, 14.3181,  1, 35.1530,  1
  067I0121-1, GN052B,  2023,   8,  6,   8,   1, 60.0000,  0.1252,   149,    11.0, 14.3181,  1, 35.1540,  1
  067I0121-1, GN052B,  2023,   8,  6,   8,   1, 60.0000,  0.1252,   149,    12.0, 14.3180,  1, 35.1540,  1
  067I0121-1, GN052B,  2023,   8,  6,   8,   1, 60.0000,  0.1252,   149,    13.0, 14.3176,  1, 35.1540,  1
  067I0121-1, GN052B,  2023,   8,  6,   8,   1, 60.0000,  0.1252,   149,    14.0, 14.3169,  1, 35.1540,  1
  067I0121-1, GN052B,  2023,   8,  6,   8,   1, 60.0000,  0.1252,   149,    15.0, 14.3169,  1, 35.1540,  1
  067I0121-1, GN052B,  2023,   8,  6,   8,   1, 60.0000,  0.1252,   149,    16.0, 14.3169,  1, 35.1540,  1
  067I0121-1, GN052B,  2023,   8,  6,   8,   1, 60.0000,  0.1252,   149,    17.0, 14.3175,  1, 35.1540,  1
  067I0121-1, GN052B,  2023,   8,  6,   8,   1, 60.0000,  0.1252,   149,    18.0, 14.3159,  1, 35.1540,  1
  067I0121-1, GN052B,  2023,   8,  6,   8,   1, 60.0000,  0.1252,   149,    19.0, 14.3089,  1, 35.1530,  1
  067I0121-1, GN052B,  2023,   8,  6,   8,   1, 60.0000,  0.1252,   149,    20.0, 14.2839,  1, 35.1520,  1
  067I0121-1, GN052B,  2023,   8,  6,   8,   1, 60.0000,  0.1252,   149,    21.0, 14.0367,  1, 35.1590,  1
  067I0121-1, GN052B,  2023,   8,  6,   8,   1, 60.0000,  0.1252,   149,    22.0, 13.5316,  1, 35.1840,  1
  067I0121-1, GN052B,  2023,   8,  6,   8,   1, 60.0000,  0.1252,   149,    23.0, 13.0584,  1, 35.1950,  1
  067I0121-1, GN052B,  2023,   8,  6,   8,   1, 60.0000,  0.1252,   149,    24.0, 12.6388,  1, 35.1800,  1
  067I0121-1, GN052B,  2023,   8,  6,   8,   1, 60.0000,  0.1252,   149,    25.0, 12.2707,  1, 35.2040,  1
  067I0121-1, GN052B,  2023,   8,  6,   8,   1, 60.0000,  0.1252,   149,    26.0, 11.7876,  1, 35.2380,  1
  067I0121-1, GN052B,  2023,   8,  6,   8,   1, 60.0000,  0.1252,   149,    27.0, 11.0310,  1, 35.2420,  1
  067I0121-1, GN052B,  2023,   8,  6,   8,   1, 60.0000,  0.1252,   149,    28.0, 10.8770,  1, 35.2380,  1
  067I0121-1, GN052B,  2023,   8,  6,   8,   1, 60.0000,  0.1252,   149,    29.0, 10.7710,  1, 35.2390,  1
  067I0121-1, GN052B,  2023,   8,  6,   8,   1, 60.0000,  0.1252,   149,    30.0, 10.6669,  1, 35.2530,  1
  067I0121-1, GN052B,  2023,   8,  6,   8,   1, 60.0000,  0.1252,   149,    31.0, 10.5740,  1, 35.2560,  1
  067I0121-1, GN052B,  2023,   8,  6,   8,   1, 60.0000,  0.1252,   149,    32.0, 10.3546,  1, 35.2420,  1
  067I0121-1, GN052B,  2023,   8,  6,   8,   1, 60.0000,  0.1252,   149,    33.0, 10.0643,  1, 35.2600,  1
  067I0121-1, GN052B,  2023,   8,  6,   8,   1, 60.0000,  0.1252,   149,    34.0,  9.7685,  1, 35.2510,  1
  067I0121-1, GN052B,  2023,   8,  6,   8,   1, 60.0000,  0.1252,   149,    35.0,  9.6799,  1, 35.2490,  1
  067I0121-1, GN052B,  2023,   8,  6,   8,   1, 60.0000,  0.1252,   149,    36.0,  9.5088,  1, 35.2470,  1
  067I0121-1, GN052B,  2023,   8,  6,   8,   1, 60.0000,  0.1252,   149,    37.0,  9.3847,  1, 35.2400,  1
  067I0121-1, GN052B,  2023,   8,  6,   8,   1, 60.0000,  0.1252,   149,    38.0,  9.2400,  1, 35.2360,  1
  067I0121-1, GN052B,  2023,   8,  6,   8,   1, 60.0000,  0.1252,   149,    39.0,  9.1664,  1, 35.2300,  1
  067I0121-1, GN052B,  2023,   8,  6,   8,   1, 60.0000,  0.1252,   149,    40.0,  9.1042,  1, 35.2260,  1
  067I0121-1, GN052B,  2023,   8,  6,   8,   1, 60.0000,  0.1252,   149,    41.0,  9.0889,  1, 35.2310,  1
  067I0121-1, GN052B,  2023,   8,  6,   8,   1, 60.0000,  0.1252,   149,    42.0,  9.0839,  1, 35.2360,  1
  067I0121-1, GN052B,  2023,   8,  6,   8,   1, 60.0000,  0.1252,   149,    43.0,  9.1021,  1, 35.2460,  1
  067I0121-1, GN052B,  2023,   8,  6,   8,   1, 60.0000,  0.1252,   149,    44.0,  9.1447,  1, 35.2640,  1
  067I0121-1, GN052B,  2023,   8,  6,   8,   1, 60.0000,  0.1252,   149,    45.0,  9.1500,  1, 35.2680,  1
  067I0121-1, GN052B,  2023,   8,  6,   8,   1, 60.0000,  0.1252,   149,    46.0,  9.1331,  1, 35.2690,  1
  067I0121-1, GN052B,  2023,   8,  6,   8,   1, 60.0000,  0.1252,   149,    47.0,  9.1133,  1, 35.2680,  1
  067I0121-1, GN052B,  2023,   8,  6,   8,   1, 60.0000,  0.1252,   149,    48.0,  9.1078,  1, 35.2680,  1
  067I0121-1, GN052B,  2023,   8,  6,   8,   1, 60.0000,  0.1252,   149,    49.0,  9.0976,  1, 35.2670,  1
  067I0121-1, GN052B,  2023,   8,  6,   8,   1, 60.0000,  0.1252,   149,    50.0,  9.0847,  1, 35.2650,  1
  067I0121-1, GN052B,  2023,   8,  6,   8,   1, 60.0000,  0.1252,   149,    51.0,  9.0482,  1, 35.2610,  1
  067I0121-1, GN052B,  2023,   8,  6,   8,   1, 60.0000,  0.1252,   149,    52.0,  8.9913,  1, 35.2550,  1
  067I0121-1, GN052B,  2023,   8,  6,   8,   1, 60.0000,  0.1252,   149,    53.0,  8.9721,  1, 35.2530,  1
  067I0121-1, GN052B,  2023,   8,  6,   8,   1, 60.0000,  0.1252,   149,    54.0,  8.9572,  1, 35.2520,  1
  067I0121-1, GN052B,  2023,   8,  6,   8,   1, 60.0000,  0.1252,   149,    55.0,  8.9549,  1, 35.2520,  1
  067I0121-1, GN052B,  2023,   8,  6,   8,   1, 60.0000,  0.1252,   149,    56.0,  8.9512,  1, 35.2510,  1
  067I0121-1, GN052B,  2023,   8,  6,   8,   1, 60.0000,  0.1252,   149,    57.0,  8.9510,  1, 35.2510,  1
  067I0121-1, GN052B,  2023,   8,  6,   8,   1, 60.0000,  0.1252,   149,    58.0,  8.9513,  1, 35.2510,  1
  067I0121-1, GN052B,  2023,   8,  6,   8,   1, 60.0000,  0.1252,   149,    59.0,  8.9471,  1, 35.2510,  1
  067I0121-1, GN052B,  2023,   8,  6,   8,   1, 60.0000,  0.1252,   149,    60.0,  8.9459,  1, 35.2500,  1
  067I0121-1, GN052B,  2023,   8,  6,   8,   1, 60.0000,  0.1252,   149,    61.0,  8.9399,  1, 35.2500,  1
  067I0121-1, GN052B,  2023,   8,  6,   8,   1, 60.0000,  0.1252,   149,    62.0,  8.9364,  1, 35.2490,  1
  067I0121-1, GN052B,  2023,   8,  6,   8,   1, 60.0000,  0.1252,   149,    63.0,  8.9137,  1, 35.2470,  1
  067I0121-1, GN052B,  2023,   8,  6,   8,   1, 60.0000,  0.1252,   149,    64.0,  8.8879,  1, 35.2460,  1
  067I0121-1, GN052B,  2023,   8,  6,   8,   1, 60.0000,  0.1252,   149,    65.0,  8.8642,  1, 35.2450,  1
  067I0121-1, GN052B,  2023,   8,  6,   8,   1, 60.0000,  0.1252,   149,    66.0,  8.8471,  1, 35.2430,  1
  067I0121-1, GN052B,  2023,   8,  6,   8,   1, 60.0000,  0.1252,   149,    67.0,  8.8074,  1, 35.2400,  1
  067I0121-1, GN052B,  2023,   8,  6,   8,   1, 60.0000,  0.1252,   149,    68.0,  8.7471,  1, 35.2330,  1
  067I0121-1, GN052B,  2023,   8,  6,   8,   1, 60.0000,  0.1252,   149,    69.0,  8.7239,  1, 35.2300,  1
  067I0121-1, GN052B,  2023,   8,  6,   8,   1, 60.0000,  0.1252,   149,    70.0,  8.6481,  1, 35.2190,  1
  067I0121-1, GN052B,  2023,   8,  6,   8,   1, 60.0000,  0.1252,   149,    71.0,  8.6022,  1, 35.2140,  1
  067I0121-1, GN052B,  2023,   8,  6,   8,   1, 60.0000,  0.1252,   149,    72.0,  8.5936,  1, 35.2130,  1
  067I0121-1, GN052B,  2023,   8,  6,   8,   1, 60.0000,  0.1252,   149,    73.0,  8.6010,  1, 35.2150,  1
  067I0121-1, GN052B,  2023,   8,  6,   8,   1, 60.0000,  0.1252,   149,    74.0,  8.6175,  1, 35.2200,  1
  067I0121-1, GN052B,  2023,   8,  6,   8,   1, 60.0000,  0.1252,   149,    75.0,  8.5680,  1, 35.2170,  1
  067I0121-1, GN052B,  2023,   8,  6,   8,   1, 60.0000,  0.1252,   149,    76.0,  8.4842,  1, 35.2070,  1
  067I0121-1, GN052B,  2023,   8,  6,   8,   1, 60.0000,  0.1252,   149,    77.0,  8.3939,  1, 35.1920,  1
  067I0121-1, GN052B,  2023,   8,  6,   8,   1, 60.0000,  0.1252,   149,    78.0,  8.2742,  1, 35.1730,  1
  067I0121-1, GN052B,  2023,   8,  6,   8,   1, 60.0000,  0.1252,   149,    79.0,  8.2488,  1, 35.1690,  1
  067I0121-1, GN052B,  2023,   8,  6,   8,   1, 60.0000,  0.1252,   149,    80.0,  8.2095,  1, 35.1650,  1
  067I0121-1, GN052B,  2023,   8,  6,   8,   1, 60.0000,  0.1252,   149,    81.0,  8.1596,  1, 35.1630,  1
  067I0121-1, GN052B,  2023,   8,  6,   8,   1, 60.0000,  0.1252,   149,    82.0,  8.1517,  1, 35.1660,  1
  067I0121-1, GN052B,  2023,   8,  6,   8,   1, 60.0000,  0.1252,   149,    83.0,  8.1512,  1, 35.1720,  1
  067I0121-1, GN052B,  2023,   8,  6,   8,   1, 60.0000,  0.1252,   149,    84.0,  8.1861,  1, 35.1880,  1
  067I0121-1, GN052B,  2023,   8,  6,   8,   1, 60.0000,  0.1252,   149,    85.0,  8.2314,  1, 35.2000,  1
  067I0121-1, GN052B,  2023,   8,  6,   8,   1, 60.0000,  0.1252,   149,    86.0,  8.2336,  1, 35.2030,  1
  067I0121-1, GN052B,  2023,   8,  6,   8,   1, 60.0000,  0.1252,   149,    87.0,  8.1800,  1, 35.2010,  1
  067I0121-1, GN052B,  2023,   8,  6,   8,   1, 60.0000,  0.1252,   149,    88.0,  8.1190,  1, 35.1970,  1
  067I0121-1, GN052B,  2023,   8,  6,   8,   1, 60.0000,  0.1252,   149,    89.0,  8.0649,  1, 35.1930,  1
  067I0121-1, GN052B,  2023,   8,  6,   8,   1, 60.0000,  0.1252,   149,    90.0,  8.0287,  1, 35.1900,  1
  067I0121-1, GN052B,  2023,   8,  6,   8,   1, 60.0000,  0.1252,   149,    91.0,  7.9901,  1, 35.1880,  1
  067I0121-1, GN052B,  2023,   8,  6,   8,   1, 60.0000,  0.1252,   149,    92.0,  7.9594,  1, 35.1850,  1
  067I0121-1, GN052B,  2023,   8,  6,   8,   1, 60.0000,  0.1252,   149,    93.0,  7.9510,  1, 35.1840,  1
  067I0121-1, GN052B,  2023,   8,  6,   8,   1, 60.0000,  0.1252,   149,    94.0,  7.9178,  1, 35.1810,  1
  067I0121-1, GN052B,  2023,   8,  6,   8,   1, 60.0000,  0.1252,   149,    95.0,  7.8829,  1, 35.1770,  1
  067I0121-1, GN052B,  2023,   8,  6,   8,   1, 60.0000,  0.1252,   149,    96.0,  7.8604,  1, 35.1750,  1
  067I0121-1, GN052B,  2023,   8,  6,   8,   1, 60.0000,  0.1252,   149,    97.0,  7.8324,  1, 35.1720,  1
  067I0121-1, GN052B,  2023,   8,  6,   8,   1, 60.0000,  0.1252,   149,    98.0,  7.8265,  1, 35.1720,  1
  067I0121-1, GN052B,  2023,   8,  6,   8,   1, 60.0000,  0.1252,   149,    99.0,  7.8222,  1, 35.1720,  1
  067I0121-1, GN052B,  2023,   8,  6,   8,   1, 60.0000,  0.1252,   149,   100.0,  7.8136,  1, 35.1720,  1
  067I0121-1, GN052B,  2023,   8,  6,   8,   1, 60.0000,  0.1252,   149,   101.0,  7.7975,  1, 35.1710,  1
  067I0121-1, GN052B,  2023,   8,  6,   8,   1, 60.0000,  0.1252,   149,   102.0,  7.7981,  1, 35.1710,  1
  067I0121-1, GN052B,  2023,   8,  6,   8,   1, 60.0000,  0.1252,   149,   103.0,  7.7995,  1, 35.1720,  1
  067I0121-1, GN052B,  2023,   8,  6,   8,   1, 60.0000,  0.1252,   149,   104.0,  7.8004,  1, 35.1720,  1
  067I0121-1, GN052B,  2023,   8,  6,   8,   1, 60.0000,  0.1252,   149,   105.0,  7.7985,  1, 35.1710,  1
  067I0121-1, GN052B,  2023,   8,  6,   8,   1, 60.0000,  0.1252,   149,   106.0,  7.7970,  1, 35.1710,  1
  067I0121-1, GN052B,  2023,   8,  6,   8,   1, 60.0000,  0.1252,   149,   107.0,  7.7963,  1, 35.1710,  1
  067I0121-1, GN052B,  2023,   8,  6,   8,   1, 60.0000,  0.1252,   149,   108.0,  7.7963,  1, 35.1710,  1
  067I0121-1, GN052B,  2023,   8,  6,   8,   1, 60.0000,  0.1252,   149,   109.0,  7.7961,  1, 35.1710,  1
  067I0121-1, GN052B,  2023,   8,  6,   8,   1, 60.0000,  0.1252,   149,   110.0,  7.7961,  1, 35.1710,  1
  067I0121-1, GN052B,  2023,   8,  6,   8,   1, 60.0000,  0.1252,   149,   111.0,  7.7962,  1, 35.1710,  1
  067I0121-1, GN052B,  2023,   8,  6,   8,   1, 60.0000,  0.1252,   149,   112.0,  7.7964,  1, 35.1710,  1
  067I0121-1, GN052B,  2023,   8,  6,   8,   1, 60.0000,  0.1252,   149,   113.0,  7.7962,  1, 35.1710,  1
  067I0121-1, GN052B,  2023,   8,  6,   8,   1, 60.0000,  0.1252,   149,   114.0,  7.7961,  1, 35.1710,  1
  067I0121-1, GN052B,  2023,   8,  6,   8,   1, 60.0000,  0.1252,   149,   115.0,  7.7963,  1, 35.1710,  1
  067I0121-1, GN052B,  2023,   8,  6,   8,   1, 60.0000,  0.1252,   149,   116.0,  7.7962,  1, 35.1710,  1
  067I0121-1, GN052B,  2023,   8,  6,   8,   1, 60.0000,  0.1252,   149,   117.0,  7.7965,  1, 35.1710,  1
  067I0121-1, GN052B,  2023,   8,  6,   8,   1, 60.0000,  0.1252,   149,   118.0,  7.7969,  1, 35.1710,  1
  067I0121-1, GN052B,  2023,   8,  6,   8,   1, 60.0000,  0.1252,   149,   119.0,  7.7973,  1, 35.1710,  1
  067I0121-1, GN052B,  2023,   8,  6,   8,   1, 60.0000,  0.1252,   149,   120.0,  7.7972,  1, 35.1710,  1
  067I0121-1, GN052B,  2023,   8,  6,   8,   1, 60.0000,  0.1252,   149,   121.0,  7.7974,  1, 35.1700,  1
  067I0121-1, GN052B,  2023,   8,  6,   8,   1, 60.0000,  0.1252,   149,   122.0,  7.7979,  1, 35.1710,  1
  067I0121-1, GN052B,  2023,   8,  6,   8,   1, 60.0000,  0.1252,   149,   123.0,  7.7982,  1, 35.1710,  1
  067I0121-1, GN052B,  2023,   8,  6,   8,   1, 60.0000,  0.1252,   149,   124.0,  7.7998,  1, 35.1710,  1
  067I0121-1, GN052B,  2023,   8,  6,   8,   1, 60.0000,  0.1252,   149,   125.0,  7.8006,  1, 35.1710,  1
  067I0121-1, GN052B,  2023,   8,  6,   8,   1, 60.0000,  0.1252,   149,   126.0,  7.8007,  1, 35.1710,  1
  067I0121-1, GN052B,  2023,   8,  6,   8,   1, 60.0000,  0.1252,   149,   127.0,  7.8009,  1, 35.1720,  1
  067I0121-1, GN052B,  2023,   8,  6,   8,   1, 60.0000,  0.1252,   149,   128.0,  7.8011,  1, 35.1720,  1
  067I0121-1, GN052B,  2023,   8,  6,   8,   1, 60.0000,  0.1252,   149,   129.0,  7.8012,  1, 35.1720,  1
  067I0121-1, GN052B,  2023,   8,  6,   8,   1, 60.0000,  0.1252,   149,   130.0,  7.8012,  1, 35.1710,  1
  067I0121-1, GN052B,  2023,   8,  6,   8,   1, 60.0000,  0.1252,   149,   131.0,  7.8015,  1, 35.1720,  1
  067I0121-1, GN052B,  2023,   8,  6,   8,   1, 60.0000,  0.1252,   149,   132.0,  7.8018,  1, 35.1720,  1
  067I0121-1, GN052B,  2023,   8,  6,   8,   1, 60.0000,  0.1252,   149,   133.0,  7.8019,  1, 35.1720,  1
  067I0121-1, GN052B,  2023,   8,  6,   8,   1, 60.0000,  0.1252,   149,   134.0,  7.8020,  1, 35.1720,  1
  067I0121-1, GN052B,  2023,   8,  6,   8,   1, 60.0000,  0.1252,   149,   135.0,  7.8021,  1, 35.1720,  1
  067I0121-1, GN052B,  2023,   8,  6,   8,   1, 60.0000,  0.1252,   149,   136.0,  7.8022,  1, 35.1730,  1
  067I0121-1, GN052B,  2023,   8,  6,   8,   1, 60.0000,  0.1252,   149,   137.0,  7.8024,  1, 35.1730,  1
  067I0121-1, GN052B,  2023,   8,  6,   8,   1, 60.0000,  0.1252,   149,   138.0,  7.8025,  1, 35.1730,  1
  067I0121-1, GN052B,  2023,   8,  6,   8,   1, 60.0000,  0.1252,   149,   139.0,  7.8026,  1, 35.1730,  1
  067I0121-1, GN052B,  2023,   8,  6,   8,   1, 60.0000,  0.1252,   149,   140.0,  7.8028,  1, 35.1730,  1
  067I0121-1, GN052B,  2023,   8,  6,   8,   1, 60.0000,  0.1252,   149,   141.0,  7.8028,  1, 35.1730,  1
  067I0121-1, GN052B,  2023,   8,  6,   8,   1, 60.0000,  0.1252,   149,   142.0,  7.8028,  1, 35.1730,  1
  067I0121-1, GN052B,  2023,   8,  6,   8,   1, 60.0000,  0.1252,   149,   143.0,  7.8031,  1, 35.1730,  1
  067I0121-1, GN052B,  2023,   8,  6,   8,   1, 60.0000,  0.1252,   149,   144.0,  7.8035,  1, 35.1730,  1
  067I0121-1, GN052B,  2023,   8,  6,   8,   1, 60.0000,  0.1252,   149,   145.0,  7.8035,  1, 35.1730,  1
  067I0121-1, GN052B,  2023,   8,  6,   8,   1, 60.0000,  0.1252,   149,   146.0,  7.8036,  1, 35.1730,  1
  067I0121-1, GN052S,  2023,   8,  6,  11,   2, 60.0000,  0.7518,   128,     0.0,     NaN,  1,     NaN,  1
  067I0121-1, GN052S,  2023,   8,  6,  11,   2, 60.0000,  0.7518,   128,     1.0,     NaN,  1,     NaN,  1
  067I0121-1, GN052S,  2023,   8,  6,  11,   2, 60.0000,  0.7518,   128,     2.0, 14.3773,  1, 35.1850,  1
  067I0121-1, GN052S,  2023,   8,  6,  11,   2, 60.0000,  0.7518,   128,     3.0, 14.3740,  1, 35.1850,  1
  067I0121-1, GN052S,  2023,   8,  6,  11,   2, 60.0000,  0.7518,   128,     4.0, 14.3746,  1, 35.1850,  1
  067I0121-1, GN052S,  2023,   8,  6,  11,   2, 60.0000,  0.7518,   128,     5.0, 14.3731,  1, 35.1850,  1
  067I0121-1, GN052S,  2023,   8,  6,  11,   2, 60.0000,  0.7518,   128,     6.0, 14.3748,  1, 35.1850,  1
  067I0121-1, GN052S,  2023,   8,  6,  11,   2, 60.0000,  0.7518,   128,     7.0, 14.3750,  1, 35.1850,  1
  067I0121-1, GN052S,  2023,   8,  6,  11,   2, 60.0000,  0.7518,   128,     8.0, 14.3752,  1, 35.1850,  1
  067I0121-1, GN052S,  2023,   8,  6,  11,   2, 60.0000,  0.7518,   128,     9.0, 14.3756,  1, 35.1850,  1
  067I0121-1, GN052S,  2023,   8,  6,  11,   2, 60.0000,  0.7518,   128,    10.0, 14.3730,  1, 35.1850,  1
  067I0121-1, GN052S,  2023,   8,  6,  11,   2, 60.0000,  0.7518,   128,    11.0, 14.3689,  1, 35.1850,  1
  067I0121-1, GN052S,  2023,   8,  6,  11,   2, 60.0000,  0.7518,   128,    12.0, 14.3561,  1, 35.1840,  1
  067I0121-1, GN052S,  2023,   8,  6,  11,   2, 60.0000,  0.7518,   128,    13.0, 14.3480,  1, 35.1840,  1
  067I0121-1, GN052S,  2023,   8,  6,  11,   2, 60.0000,  0.7518,   128,    14.0, 14.3439,  1, 35.1830,  1
  067I0121-1, GN052S,  2023,   8,  6,  11,   2, 60.0000,  0.7518,   128,    15.0, 14.3406,  1, 35.1830,  1
  067I0121-1, GN052S,  2023,   8,  6,  11,   2, 60.0000,  0.7518,   128,    16.0, 14.3292,  1, 35.1830,  1
  067I0121-1, GN052S,  2023,   8,  6,  11,   2, 60.0000,  0.7518,   128,    17.0, 14.3172,  1, 35.1830,  1
  067I0121-1, GN052S,  2023,   8,  6,  11,   2, 60.0000,  0.7518,   128,    18.0, 14.3005,  1, 35.1830,  1
  067I0121-1, GN052S,  2023,   8,  6,  11,   2, 60.0000,  0.7518,   128,    19.0, 14.2487,  1, 35.1820,  1
  067I0121-1, GN052S,  2023,   8,  6,  11,   2, 60.0000,  0.7518,   128,    20.0, 14.1873,  1, 35.1810,  1
  067I0121-1, GN052S,  2023,   8,  6,  11,   2, 60.0000,  0.7518,   128,    21.0, 14.0905,  1, 35.1810,  1
  067I0121-1, GN052S,  2023,   8,  6,  11,   2, 60.0000,  0.7518,   128,    22.0, 14.0120,  1, 35.1820,  1
  067I0121-1, GN052S,  2023,   8,  6,  11,   2, 60.0000,  0.7518,   128,    23.0, 13.9517,  1, 35.1840,  1
  067I0121-1, GN052S,  2023,   8,  6,  11,   2, 60.0000,  0.7518,   128,    24.0, 13.7307,  1, 35.1820,  1
  067I0121-1, GN052S,  2023,   8,  6,  11,   2, 60.0000,  0.7518,   128,    25.0, 13.1381,  1, 35.1850,  1
  067I0121-1, GN052S,  2023,   8,  6,  11,   2, 60.0000,  0.7518,   128,    26.0, 12.8573,  1, 35.1930,  1
  067I0121-1, GN052S,  2023,   8,  6,  11,   2, 60.0000,  0.7518,   128,    27.0, 12.6235,  1, 35.2080,  1
  067I0121-1, GN052S,  2023,   8,  6,  11,   2, 60.0000,  0.7518,   128,    28.0, 12.0482,  1, 35.2190,  1
  067I0121-1, GN052S,  2023,   8,  6,  11,   2, 60.0000,  0.7518,   128,    29.0, 11.5320,  1, 35.2150,  1
  067I0121-1, GN052S,  2023,   8,  6,  11,   2, 60.0000,  0.7518,   128,    30.0, 10.8279,  1, 35.2290,  1
  067I0121-1, GN052S,  2023,   8,  6,  11,   2, 60.0000,  0.7518,   128,    31.0, 10.4598,  1, 35.2590,  1
  067I0121-1, GN052S,  2023,   8,  6,  11,   2, 60.0000,  0.7518,   128,    32.0, 10.3028,  1, 35.2620,  1
  067I0121-1, GN052S,  2023,   8,  6,  11,   2, 60.0000,  0.7518,   128,    33.0,  9.9955,  1, 35.2640,  1
  067I0121-1, GN052S,  2023,   8,  6,  11,   2, 60.0000,  0.7518,   128,    34.0,  9.9437,  1, 35.2920,  1
  067I0121-1, GN052S,  2023,   8,  6,  11,   2, 60.0000,  0.7518,   128,    35.0,  9.9256,  1, 35.2970,  1
  067I0121-1, GN052S,  2023,   8,  6,  11,   2, 60.0000,  0.7518,   128,    36.0,  9.8758,  1, 35.3050,  1
  067I0121-1, GN052S,  2023,   8,  6,  11,   2, 60.0000,  0.7518,   128,    37.0,  9.8667,  1, 35.3120,  1
  067I0121-1, GN052S,  2023,   8,  6,  11,   2, 60.0000,  0.7518,   128,    38.0,  9.8168,  1, 35.3080,  1
  067I0121-1, GN052S,  2023,   8,  6,  11,   2, 60.0000,  0.7518,   128,    39.0,  9.7942,  1, 35.3080,  1
  067I0121-1, GN052S,  2023,   8,  6,  11,   2, 60.0000,  0.7518,   128,    40.0,  9.7819,  1, 35.3080,  1
  067I0121-1, GN052S,  2023,   8,  6,  11,   2, 60.0000,  0.7518,   128,    41.0,  9.7654,  1, 35.3080,  1
  067I0121-1, GN052S,  2023,   8,  6,  11,   2, 60.0000,  0.7518,   128,    42.0,  9.7052,  1, 35.3040,  1
  067I0121-1, GN052S,  2023,   8,  6,  11,   2, 60.0000,  0.7518,   128,    43.0,  9.6385,  1, 35.3000,  1
  067I0121-1, GN052S,  2023,   8,  6,  11,   2, 60.0000,  0.7518,   128,    44.0,  9.6122,  1, 35.3000,  1
  067I0121-1, GN052S,  2023,   8,  6,  11,   2, 60.0000,  0.7518,   128,    45.0,  9.5874,  1, 35.3000,  1
  067I0121-1, GN052S,  2023,   8,  6,  11,   2, 60.0000,  0.7518,   128,    46.0,  9.5742,  1, 35.3000,  1
  067I0121-1, GN052S,  2023,   8,  6,  11,   2, 60.0000,  0.7518,   128,    47.0,  9.5324,  1, 35.2970,  1
  067I0121-1, GN052S,  2023,   8,  6,  11,   2, 60.0000,  0.7518,   128,    48.0,  9.5014,  1, 35.2960,  1
  067I0121-1, GN052S,  2023,   8,  6,  11,   2, 60.0000,  0.7518,   128,    49.0,  9.4546,  1, 35.2940,  1
  067I0121-1, GN052S,  2023,   8,  6,  11,   2, 60.0000,  0.7518,   128,    50.0,  9.3767,  1, 35.2880,  1
  067I0121-1, GN052S,  2023,   8,  6,  11,   2, 60.0000,  0.7518,   128,    51.0,  9.3299,  1, 35.2840,  1
  067I0121-1, GN052S,  2023,   8,  6,  11,   2, 60.0000,  0.7518,   128,    52.0,  9.2698,  1, 35.2780,  1
  067I0121-1, GN052S,  2023,   8,  6,  11,   2, 60.0000,  0.7518,   128,    53.0,  9.1711,  1, 35.2700,  1
  067I0121-1, GN052S,  2023,   8,  6,  11,   2, 60.0000,  0.7518,   128,    54.0,  9.1352,  1, 35.2690,  1
  067I0121-1, GN052S,  2023,   8,  6,  11,   2, 60.0000,  0.7518,   128,    55.0,  9.1124,  1, 35.2690,  1
  067I0121-1, GN052S,  2023,   8,  6,  11,   2, 60.0000,  0.7518,   128,    56.0,  9.0873,  1, 35.2670,  1
  067I0121-1, GN052S,  2023,   8,  6,  11,   2, 60.0000,  0.7518,   128,    57.0,  9.0491,  1, 35.2650,  1
  067I0121-1, GN052S,  2023,   8,  6,  11,   2, 60.0000,  0.7518,   128,    58.0,  8.9889,  1, 35.2620,  1
  067I0121-1, GN052S,  2023,   8,  6,  11,   2, 60.0000,  0.7518,   128,    59.0,  8.9436,  1, 35.2590,  1
  067I0121-1, GN052S,  2023,   8,  6,  11,   2, 60.0000,  0.7518,   128,    60.0,  8.9298,  1, 35.2580,  1
  067I0121-1, GN052S,  2023,   8,  6,  11,   2, 60.0000,  0.7518,   128,    61.0,  8.9177,  1, 35.2570,  1
  067I0121-1, GN052S,  2023,   8,  6,  11,   2, 60.0000,  0.7518,   128,    62.0,  8.8908,  1, 35.2560,  1
  067I0121-1, GN052S,  2023,   8,  6,  11,   2, 60.0000,  0.7518,   128,    63.0,  8.8666,  1, 35.2540,  1
  067I0121-1, GN052S,  2023,   8,  6,  11,   2, 60.0000,  0.7518,   128,    64.0,  8.8349,  1, 35.2530,  1
  067I0121-1, GN052S,  2023,   8,  6,  11,   2, 60.0000,  0.7518,   128,    65.0,  8.8097,  1, 35.2530,  1
  067I0121-1, GN052S,  2023,   8,  6,  11,   2, 60.0000,  0.7518,   128,    66.0,  8.7931,  1, 35.2530,  1
  067I0121-1, GN052S,  2023,   8,  6,  11,   2, 60.0000,  0.7518,   128,    67.0,  8.7713,  1, 35.2530,  1
  067I0121-1, GN052S,  2023,   8,  6,  11,   2, 60.0000,  0.7518,   128,    68.0,  8.7421,  1, 35.2510,  1
  067I0121-1, GN052S,  2023,   8,  6,  11,   2, 60.0000,  0.7518,   128,    69.0,  8.7301,  1, 35.2510,  1
  067I0121-1, GN052S,  2023,   8,  6,  11,   2, 60.0000,  0.7518,   128,    70.0,  8.6993,  1, 35.2470,  1
  067I0121-1, GN052S,  2023,   8,  6,  11,   2, 60.0000,  0.7518,   128,    71.0,  8.6757,  1, 35.2440,  1
  067I0121-1, GN052S,  2023,   8,  6,  11,   2, 60.0000,  0.7518,   128,    72.0,  8.6120,  1, 35.2360,  1
  067I0121-1, GN052S,  2023,   8,  6,  11,   2, 60.0000,  0.7518,   128,    73.0,  8.5018,  1, 35.2240,  1
  067I0121-1, GN052S,  2023,   8,  6,  11,   2, 60.0000,  0.7518,   128,    74.0,  8.3621,  1, 35.2070,  1
  067I0121-1, GN052S,  2023,   8,  6,  11,   2, 60.0000,  0.7518,   128,    75.0,  8.2796,  1, 35.1960,  1
  067I0121-1, GN052S,  2023,   8,  6,  11,   2, 60.0000,  0.7518,   128,    76.0,  8.2483,  1, 35.1980,  1
  067I0121-1, GN052S,  2023,   8,  6,  11,   2, 60.0000,  0.7518,   128,    77.0,  8.2461,  1, 35.2030,  1
  067I0121-1, GN052S,  2023,   8,  6,  11,   2, 60.0000,  0.7518,   128,    78.0,  8.2704,  1, 35.2140,  1
  067I0121-1, GN052S,  2023,   8,  6,  11,   2, 60.0000,  0.7518,   128,    79.0,  8.3108,  1, 35.2270,  1
  067I0121-1, GN052S,  2023,   8,  6,  11,   2, 60.0000,  0.7518,   128,    80.0,  8.2230,  1, 35.2190,  1
  067I0121-1, GN052S,  2023,   8,  6,  11,   2, 60.0000,  0.7518,   128,    81.0,  8.1538,  1, 35.2140,  1
  067I0121-1, GN052S,  2023,   8,  6,  11,   2, 60.0000,  0.7518,   128,    82.0,  8.1503,  1, 35.2130,  1
  067I0121-1, GN052S,  2023,   8,  6,  11,   2, 60.0000,  0.7518,   128,    83.0,  8.1158,  1, 35.2110,  1
  067I0121-1, GN052S,  2023,   8,  6,  11,   2, 60.0000,  0.7518,   128,    84.0,  8.0971,  1, 35.2080,  1
  067I0121-1, GN052S,  2023,   8,  6,  11,   2, 60.0000,  0.7518,   128,    85.0,  8.0820,  1, 35.2060,  1
  067I0121-1, GN052S,  2023,   8,  6,  11,   2, 60.0000,  0.7518,   128,    86.0,  8.1148,  1, 35.2110,  1
  067I0121-1, GN052S,  2023,   8,  6,  11,   2, 60.0000,  0.7518,   128,    87.0,  8.1190,  1, 35.2130,  1
  067I0121-1, GN052S,  2023,   8,  6,  11,   2, 60.0000,  0.7518,   128,    88.0,  8.1189,  1, 35.2130,  1
  067I0121-1, GN052S,  2023,   8,  6,  11,   2, 60.0000,  0.7518,   128,    89.0,  8.1175,  1, 35.2130,  1
  067I0121-1, GN052S,  2023,   8,  6,  11,   2, 60.0000,  0.7518,   128,    90.0,  8.0866,  1, 35.2070,  1
  067I0121-1, GN052S,  2023,   8,  6,  11,   2, 60.0000,  0.7518,   128,    91.0,  8.0830,  1, 35.2070,  1
  067I0121-1, GN052S,  2023,   8,  6,  11,   2, 60.0000,  0.7518,   128,    92.0,  8.1085,  1, 35.2110,  1
  067I0121-1, GN052S,  2023,   8,  6,  11,   2, 60.0000,  0.7518,   128,    93.0,  8.0965,  1, 35.2090,  1
  067I0121-1, GN052S,  2023,   8,  6,  11,   2, 60.0000,  0.7518,   128,    94.0,  8.0748,  1, 35.2060,  1
  067I0121-1, GN052S,  2023,   8,  6,  11,   2, 60.0000,  0.7518,   128,    95.0,  8.0748,  1, 35.2060,  1
  067I0121-1, GN052S,  2023,   8,  6,  11,   2, 60.0000,  0.7518,   128,    96.0,  8.0830,  1, 35.2070,  1
  067I0121-1, GN052S,  2023,   8,  6,  11,   2, 60.0000,  0.7518,   128,    97.0,  8.0736,  1, 35.2050,  1
  067I0121-1, GN052S,  2023,   8,  6,  11,   2, 60.0000,  0.7518,   128,    98.0,  8.0736,  1, 35.2050,  1
  067I0121-1, GN052S,  2023,   8,  6,  11,   2, 60.0000,  0.7518,   128,    99.0,  8.0733,  1, 35.2050,  1
  067I0121-1, GN052S,  2023,   8,  6,  11,   2, 60.0000,  0.7518,   128,   100.0,  8.0732,  1, 35.2050,  1
  067I0121-1, GN052S,  2023,   8,  6,  11,   2, 60.0000,  0.7518,   128,   101.0,  8.0735,  1, 35.2050,  1
  067I0121-1, GN052S,  2023,   8,  6,  11,   2, 60.0000,  0.7518,   128,   102.0,  8.0803,  1, 35.2060,  1
  067I0121-1, GN052S,  2023,   8,  6,  11,   2, 60.0000,  0.7518,   128,   103.0,  8.0752,  1, 35.2050,  1
  067I0121-1, GN052S,  2023,   8,  6,  11,   2, 60.0000,  0.7518,   128,   104.0,  8.0706,  1, 35.2040,  1
  067I0121-1, GN052S,  2023,   8,  6,  11,   2, 60.0000,  0.7518,   128,   105.0,  8.0716,  1, 35.2040,  1
  067I0121-1, GN052S,  2023,   8,  6,  11,   2, 60.0000,  0.7518,   128,   106.0,  8.0704,  1, 35.2040,  1
  067I0121-1, GN052S,  2023,   8,  6,  11,   2, 60.0000,  0.7518,   128,   107.0,  8.0687,  1, 35.2040,  1
  067I0121-1, GN052S,  2023,   8,  6,  11,   2, 60.0000,  0.7518,   128,   108.0,  8.0753,  1, 35.2050,  1
  067I0121-1, GN052S,  2023,   8,  6,  11,   2, 60.0000,  0.7518,   128,   109.0,  8.0777,  1, 35.2050,  1
  067I0121-1, GN052S,  2023,   8,  6,  11,   2, 60.0000,  0.7518,   128,   110.0,  8.0745,  1, 35.2040,  1
  067I0121-1, GN052S,  2023,   8,  6,  11,   2, 60.0000,  0.7518,   128,   111.0,  8.0920,  1, 35.2080,  1
  067I0121-1, GN052S,  2023,   8,  6,  11,   2, 60.0000,  0.7518,   128,   112.0,  8.0845,  1, 35.2060,  1
  067I0121-1, GN052S,  2023,   8,  6,  11,   2, 60.0000,  0.7518,   128,   113.0,  8.0874,  1, 35.2070,  1
  067I0121-1, GN052S,  2023,   8,  6,  11,   2, 60.0000,  0.7518,   128,   114.0,  8.0700,  1, 35.2030,  1
  067I0121-1, GN052S,  2023,   8,  6,  11,   2, 60.0000,  0.7518,   128,   115.0,  8.0678,  1, 35.2030,  1
  067I0121-1, GN052S,  2023,   8,  6,  11,   2, 60.0000,  0.7518,   128,   116.0,  8.0719,  1, 35.2030,  1
  067I0121-1, GN052S,  2023,   8,  6,  11,   2, 60.0000,  0.7518,   128,   117.0,  8.0687,  1, 35.2030,  1
  067I0121-1, GN052S,  2023,   8,  6,  11,   2, 60.0000,  0.7518,   128,   118.0,  8.0678,  1, 35.2030,  1
  067I0121-1, GN052S,  2023,   8,  6,  11,   2, 60.0000,  0.7518,   128,   119.0,  8.0668,  1, 35.2030,  1
  067I0121-1, GN052S,  2023,   8,  6,  11,   2, 60.0000,  0.7518,   128,   120.0,  8.0686,  1, 35.2030,  1
  067I0121-1, GN052S,  2023,   8,  6,  11,   2, 60.0000,  0.7518,   128,   121.0,  8.0691,  1, 35.2030,  1
  067I0121-1, GN052S,  2023,   8,  6,  11,   2, 60.0000,  0.7518,   128,   122.0,  8.0699,  1, 35.2030,  1
  067I0121-1, GN052S,  2023,   8,  6,  11,   2, 60.0000,  0.7518,   128,   123.0,  8.0698,  1, 35.2030,  1
  067I0121-1, GN052S,  2023,   8,  6,  11,   2, 60.0000,  0.7518,   128,   124.0,  8.0704,  1, 35.2040,  1
  067I0121-1, GN052S,  2023,   8,  6,  11,   2, 60.0000,  0.7518,   128,   125.0,  8.0694,  1, 35.2040,  1
 